45959903690
70028705197
77193003855
31875577365
7121437126
868191104
18489632889
55833063678
49376031477
2189392093
52268768329
60108700347
12438888501
33580659378
56126644327
3666192601
49331070799
9043687822
18496918375
25040551330
69903338820
17244300242
10379322766
53779451192
26993597821
73719121468
350654653
10865533524
22046580104
30592608360
58214896947
67387870224
36174568226
48347003944
57559766133
60541574644
23459832383
29171751576
63935734684
17818882065
37363678958
66972755647
41936791567
24179487995
60137727349
74564505578
3297810213
48666936384
31153076845
21311317516
55867205466
20493101965
58356192102
58241997236
2037729298
489454374
1235404590
22398630372
28597661460
29880917066
57143625198
67979621747
75738014147
54569256094
34196406190
35018318130
57051019623
40107266301
76426091262
50828844251
21625575656
40056342849
40275323010
28419864221
20203368447
19097338385
49275708337
41982763470
75783461058
26746729830
30378071979
13864526470
75041052329
39957603165
20341211216
60619977773
31675729877
21976909018
66852818581
29987539961
72722917123
71482030996
59483234393
2597247260
67925009109
67042949733
7517051766
70089133281
9455485484
29182757598
28417664385
42173517867
34584699775
76296527189
25578778917
62628209509
18276230278
36291950818
55670068520
75212674278
73437567695
59511571813
48215380682
4392410560
55370618887
59370682624
2064435534
72284724745
72194214249
75150107927
1557250727
77156186884
29815322085
25715818593
12663591484
40422563266
14536929119
20474698745
21644066870
64062481191
67010585605
34914066726
20661646513
70024796108
38397735408
75126848184
8197641426
44470214654
17671502725
21129253180
47785273253
34137703109
25297751592
2804752429
63939296296
62272369760
37737429045
36726574087
45556275049
16391513720
49674399920
27677517885
47998774640
32533284750
64859251590
74230529695
72243349920
35847639573
69735576706
17285211211
28297991379
30730007660
9148606622
7831486100
7241432535
33160092928
15446512908
13711919206
70833185860
50215610857
74550365798
63770912000
70911027670
26650022134
58745455492
1921695479
6216132065
50799865092
76130354375
15246675880
24387495890
74562515295
27739429679
32485965937
74429870232
20333064794
54381890880
1838245787
27872473277
6357042933
74600872210
28232865004
70488267090
69985475724
2244443291
18089918572
30616685018
73215635118
8158698062
42888635938
16535027179
45437239222
34166638729
6017860438
75273344219
71375780994
21894938504
35302866438
45408864783
50576526126
41844573177
18234773881
15257971252
14425343397
5318747571
36138324322
53157321811
75345332971
52761143638
21503619679
40532255796
532810336
74518269467
57227596522
26932477275
65181910657
47118714393
48268867052
34342166313
62094818280
3538120390
25357553282
76503772789
39673577570
63952647463
29487168080
26023283322
32997337908
44151297040
34495971081
52276221152
11660797299
62026001820
42595356159
56824252517
48935330670
14325631232
33058813556
47890255231
26990642017
18536414888
64216918385
39236736345
32596015030
63300428747
17830457166
253689963
60460444859
44628930094
8802220589
64685077428
2347994154
73097375193
21154066752
4449129115
13755474681
2932468284
27049375535
13235977817
40773039400
30372319509
67316287208
59846439414
53322877974
53036758509
22682766355
16450481849
39490142279
17327679508
39875050067
48503354666
42431033040
29131998351
8791175611
19822586431
72514917615
24014332853
27924725901
476353385
22138755691
48712466140
34621086645
52746643684
63012217216
45279220748
31726830730
16629606709
71104623818
22788376689
852568105
20899051856
43601211668
38704156012
34308598963
62957305530
64021193716
13120909689
20315039352
35781226395
49560624268
14816021227
19850104359
46877022096
58568196715
32381060746
24736342264
28854824664
30438442721
77264891120
30758770310
19018590386
3092259849
30678867501
63587935454
65761503079
46551849845
16496889882
15684706621
39269670805
21146511352
34349183829
53418437795
21662442250
13518783262
6245757361
16774689063
37461092069
19723294430
7347349439
25269075375
32195576452
11767670326
30227202684
45427158228
45683345600
14895768080
30199211518
31666930276
59838368345
69330283445
47341882986
57801829835
44270934135
4106421491
19378038866
58646150078
67355325479
24179831630
58855298181
50039164228
64191131997
77056174043
62738116309
68445736721
16487188272
24224785701
48211147238
2359413892
70267424471
74844578587
61642668140
57598738420
74889904429
75608679564
23738315563
72082160650
20408465846
46937829570
40105244042
16641604126
72556440157
52801247668
51968498241
67996105535
38723840353
45574621140
6950880990
55788497467
41816264470
43716288333
49434862425
26227284768
1854772873
16778984427
56703730001
46624450995
2628729166
21650516163
17532421602
72069761991
42880142376
68013684785
46552213354
67812120144
17222758182
72743303318
6088736873
41973168688
39209273156
75790943309
8325622087
13090833552
28474063450
55218789616
3604648849
46469570493
47657066311
46760896149
59846794700
44159808753
35982496666
58612639646
73690550245
59839334287
35810021253
18106207355
66510113267
52597037142
18103551334
26852987927
24505998589
3150359290
74427703863
10520425509
6906420424
28992935947
76289169293
76017119815
5101554327
58539269879
74395183826
41194991179
23127593505
72833796775
11409353586
36375611106
63945987338
15389952439
46703470453
42620555472
26124079651
73894189744
32438803728
33436942646
33081760706
28592147643
45184311259
75543015110
63719594462
38764305402
4575303611
74081217579
11291274171
76854489275
43822009940
29436954658
14698847005
8935316006
62000927223
2448147751
12332601153
63780477944
28897444515
38126689102
687742501
5569351848
77070616883
2707991752
50096331023
43307987179
7191278538
20685266428
38684898716
1059459722
67376243429
20547341660
37627847310
40433978412
35629431499
17605729189
26428374839
6558411838
33177316059
24099002789
10674227406
15815589143
34321733637
55925227321
59432527830
9479859614
17718832259
7263387443
66813686697
43265491602
1664210218
47186681355
65847770821
39642704413
45360049113
30249047348
20468085867
55819106375
23734764347
45184509375
54196428533
68758137822
36067760430
50952145514
65717468002
72707182277
29828028158
62396003179
69832797020
27666712958
47805415932
73020308299
19113904193
49919728999
13667517371
54947296684
16765870276
16218451953
62379587577
68246425529
76329758315
72534488191
13925580280
71190331056
75583613405
48975544895
17058992899
42963418257
32628452495
27164608958
14587697112
11046141590
28239339880
33511997150
50056147050
60965202826
64428489290
57798240982
36359367904
48256730084
61945075962
37623151305
28849630841
71335338323
54308594369
22018819022
76592274800
275094885
18310282433
22309205385
26380340057
17365067307
57719624689
49213369688
20100775580
995651245
27054818028
38970891664
9832370236
3374107879
42713299544
14166403610
18743121382
51397481521
33445072928
55590289633
28004221978
76437598915
3195031379
16376992421
70182292109
26682567930
29646689958
75884570089
6804554274
47425638940
75214805084
35364629260
16528502932
232539093
73386818401
10176969896
20901744922
22529096158
51951458092
8455290877
31838708338
53763540892
2989670770
2149231134
15360831733
4299924511
54793837209
38498857598
74173466760
73412014400
14722708591
75342465297
21583791397
7702544909
58410747494
46069546989
14700728129
69955809497
17510254672
5174884534
39305690268
68014879636
59374058603
67552512526
17114881653
71854902014
70662600213
61345108927
63389996639
27025642896
12379150595
55389967112
43458434074
67270388653
63710439789
70442433842
11770576953
59054932620
52888648751
41087496793
5002545854
54451719282
7079574476
7317942589
18576278420
7682150861
69371639143
75813425834
14331743423
29269960287
37884642223
63596583331
29135736529
16409977205
65668261307
46238670436
36423950252
76004414681
59226415443
63431927452
29928437085
52816323675
47811642902
70790837931
21229637636
41117667760
53248405155
506926739
49336223490
8653028127
64000515945
33587491490
70940062738
37367388202
18951058547
62457694456
13052294610
12288912299
32842263226
52391188521
17898716032
16316777215
33047564745
1529022809
55285069218
40076088107
31765770461
67738476740
24388833386
50465913091
48971706311
34352636571
29803829880
11345938916
16709514441
32720132027
69176714708
64520356548
47297167886
12428594558
46920546751
14489026385
74424863908
61092555200
67492705454
54065311506
18802142181
14378921355
59381090013
30297724888
64860428148
66862140020
62639902412
59536379574
3183938186
15256628270
62341042741
7456188970
54389831988
63803789545
74273118101
51585808612
32381344956
47076866062
8472215676
70141785590
72720653178
50768416426
35763134073
31492604455
16852870074
35129886574
74151235191
54991061275
60731234958
12116404098
37903119988
25811807430
2687803726
5087267967
65074722608
67634659045
53690046349
12552494103
46646975274
2722424551
51091626925
64374125200
58733087590
12867800283
45327355149
61113652600
45524933583
51832603650
17668465159
64768646679
5421239761
60744292886
61692644277
68859440263
30278712008
71838564989
60990985293
16675271518
29969147193
44421129278
192082142
43892110752
33231329814
29713319070
2153715976
53673533559
28340082440
28097657004
55298428411
32421607423
30131703840
24853687490
44572219334
77126431784
71811478188
30668562168
76827104880
27081913686
17050942358
55123664250
51452851782
40535904661
15157761971
39931716342
26513260475
76315468983
65852112260
45111140114
4977713417
4832566998
68682046829
45568541337
19714265435
18951866148
58603445245
20661863668
49159670462
64883068562
50915983825
22507569629
52154242651
62162434732
26726813897
53454730304
45027565585
71925128999
11341712402
46516809471
50441995407
48329803585
5484657832
17932663405
9326007577
76473072766
53730031644
11520946777
73716541702
60365709359
55926228104
6497612069
1638633253
45793858048
13758257849
22509281174
57586550767
58136742039
69032479773
6859008897
37760082901
18297990493
9750007649
63382332682
9937367703
59737675442
66892006913
438278907
18510844907
58110098344
58860808754
57176830589
2899493204
56855393253
26789695366
29687343027
27187815372
19487387531
71736745088
72411840900
46050554490
34875588774
25999906953
39147729838
20780283445
27661049331
59699753525
11251740744
66218116582
65413116585
42075491446
45451998790
37124283555
36922282329
856613275
69962769738
13094197060
25057248960
29252523336
71481710305
70028896496
29440821437
68758214663
50290848950
58826964917
9842309163
30642830451
67985357855
55495916701
69194809272
16809882969
37715743734
71290507507
47717313298
62112775748
70262305346
7347287402
13354767623
59313455748
45556906258
26102416812
23246667435
63571048949
13342860250
51399267461
42553255421
60777654629
24075983844
30248695084
61298821647
36222496704
2861504849
25789124963
3377271616
58175643980
26915147615
26421617426
34695491578
76776507381
2622245711
48843042833
66597862115
67800292330
10096353789
41685031614
40094000922
13890628491
31876027261
34740130738
58030976552
51264519844
7394566711
70671461562
69211013427
13155174875
13190671285
3564285091
61683526428
55404597580
66355980938
22661662423
12380455232
49895026304
39954517490
4954245681
70885399444
75897574333
53113585129
53500303243
5894469831
56090598180
57225001859
1199130332
44445300219
59161391170
65500151033
66014314600
15034817256
45676969990
45771503497
43662578441
58523370805
36969566637
43755805102
56615779193
15770058670
69396981930
23642748491
29876133639
33999204512
24129095747
19957401096
6822089317
72523580476
40853705732
37881182491
24713682944
67261070925
36291642745
18785072617
60487826194
54196057939
59261961652
2625619175
47706853777
66574402637
49468595981
47911675698
58563537446
45127246998
4231265896
76909959900
14610745410
42893188153
41545716861
45591049104
59538689768
64782861195
70301782157
60065995505
41477325880
46960067942
75157929656
12007508142
4982739800
29075074284
5998012442
29937717346
64923830742
44109771096
39782539355
7443203055
21906210356
3572220172
37898784420
62391017901
24682907191
50185195345
22870301790
32551431638
6693986367
23094527913
71360474455
59416114641
66933874575
4746277950
9429955629
20501934838
25914377994
54759918554
9783636359
69905265933
24479606367
5526464511
67982816718
32609360160
2278978686
27751920447
45621471530
6813003072
67887295920
77173076787
39520235543
63268617833
54461024346
37534443943
56280347516
63515655473
15586829524
31376678853
40337189752
8311005335
67810070554
22637864888
34430494129
49000340841
63908005444
21681498811
41845643262
3106608626
1326871218
1636766709
68160085320
15467614150
70028018644
54130526043
67647183240
4169741757
1057565269
75889043200
55825947683
50555201917
4935953911
55399767440
29478818020
7986007199
7492830543
48179808834
12338811032
36305140548
24252567981
73942634779
18762791314
17768722817
4391426450
67963237377
2805729922
63178985470
71869686271
37372521078
70587973627
72766073723
16920771621
70751492733
68342451581
46605026379
32047256504
36182073246
49814525307
44531270168
34104981523
51440483677
75730673138
39214904608
7540621191
35978047697
23415538973
51483731617
69929291031
64351616434
34631174314
42323534926
27701292633
16024736983
35856956904
43696839135
7286082810
28141695293
69592061511
71637434388
32042243646
45405332501
18162890056
25960532965
15092573581
22482241333
39858276455
49576115178
53855856592
29873681176
19447856728
51794915801
76337469925
71040183978
16940662685
59904294726
34709082620
45082736040
11790863635
50040110315
68589912597
49688954233
65547474732
52272283316
44114930431
40568641764
2122203920
9855870638
63284688378
55963884592
73653179396
27826901860
42749476008
62881042039
32794688149
60594514788
20203524709
75605519593
25307524260
34417842780
37736942177
9150357143
37490417925
42958943863
62726975690
12319022564
20066396941
68422709916
29492369510
73585514724
67113739200
54266156895
77036043091
61523574687
50974810146
26806136428
72856864036
43140099569
4954715044
71296823724
7451831585
21938032629
56093882606
20218423492
11328652254
41453244505
7044027352
40393900305
23322909866
37845149942
42361564200
42900412412
66973544030
35818071738
49050865700
47236723882
72656241672
819003240
50781010823
58009933023
10402870750
20217848947
22139593690
71561773246
27115195558
9334103409
69631624017
62187321486
1338513453
37082095953
48327304202
1072804306
11578835802
61098943158
21574239439
19189256741
34216457840
38034775985
3360310139
16521063241
64311565588
56375681274
28657727651
57463001854
9500705045
6061075483
33975777038
26998935461
56842572432
6300043794
15025390723
70146134119
68756191447
26962832214
64610609687
70664824047
4900805985
41637367963
59097261940
74094465554
40745610449
25856713730
72422580056
48935705094
70955087648
27929867047
26427650798
61631250652
60457148535
55853230115
12286051306
24564280378
1896385160
7115674626
14824744949
16554281546
23363080113
63738826934
6696971977
46666920505
62729371211
34333972009
20493390427
44222920174
55607955564
24666582078
59714527149
9836929493
58275851838
41217869746
19089367106
59998792456
26528569587
3853930892
13272500683
39983122051
26373234473
68934102772
26724334107
73367089387
94124131
40214964445
8656119221
62718732092
39894656481
50347342213
25598461409
75904267888
19580742702
10556248786
64675622958
72506455653
10337054623
56995482794
66060633608
69233626964
19669792251
9741351642
57013404624
23989292293
33539187986
72077812232
66018129241
59842085166
18492918678
440290007
28327358973
67586796374
22791130441
41881358008
65261006236
5584567651
42717867122
28496808726
19516203553
1070010436
60379487219
4418488480
62530127778
15352193451
9610526454
53946740176
4268923549
29294601071
55141284885
55022389473
29878342104
6902171138
37811388067
74110926884
4006968857
35189816211
73964793538
4782982107
40434035210
42710457212
57172522238
2308823861
68161991199
47999448586
24368734002
23242249181
52452001295
37777396905
75223416122
71438586211
23478547108
53887409730
47210266878
24591357010
52199022206
21447752055
21706727681
2170352644
24154582946
38817923913
3440254141
17595482241
66525509841
59098566727
44911338613
74898611877
30032437152
56159584781
23072129618
18738797765
53416181327
26613458955
9771712902
46983391505
12467567560
12940902930
22896266207
40192616726
35981872885
20181238580
73968593635
35076473050
44886611362
38280690162
46057377921
35874147945
30292682924
44073864219
21083372831
32764740705
56047215730
8452960992
24638317539
36221564476
49831632995
50782603989
52167656604
23304868462
17231519323
55244178544
73799257674
16453488928
1654667603
1785161307
23646171565
39425252350
41281361768
72269658881
19209503822
51748533637
27218535315
3969591084
72281954747
877758938
13951512332
2503865100
43846639061
35804809226
15652021577
40924269893
38528108248
35978004082
19840120057
38788706921
73925512115
14445071912
64649858428
21595747249
30278251186
31739351127
64230566313
25641418482
55957848972
44750724705
13589889956
48556043906
57136662147
42926376104
18330972413
21087361743
12438841515
954585449
13858274289
58744127450
75793475669
8378868940
56734690248
16635167038
29739957593
67482855978
59649626449
65825954847
18682399692
66844254074
65753853809
64507062706
32961634035
30310240807
64267176875
22314067406
67502967475
66200119677
11828826639
15338146400
71888251691
674983523
8230798525
46505544383
55799634860
69282904462
49462646889
5143169128
56258981336
49773584416
27609279666
55058568417
54927919557
57439388403
43070285896
14843151029
35932599658
57869092055
19417816571
71000195973
66269139039
14597460344
72628258987
65878407071
8691619452
44977847909
3985126801
11021551121
40305602306
69317345396
17015413049
48287439659
52778223594
11590428137
13803814348
69612896590
34153285547
48465828828
75307423085
4826845154
53123760684
3929866435
4653214193
42431676753
72129652723
21430957224
63761876798
26400099831
75155642968
38257786762
53966116611
26590321378
41400050354
60434727082
4804036302
16471865378
45703991613
25375048595
23132355543
32216790556
68712132415
64586591928
71768670875
1346300497
6487336520
19984423165
53167211418
52324226862
73026809028
58817479726
58914541697
12277703088
66539841681
11086475518
75461899726
36779661156
67861121765
13173250860
56212768894
1705690956
42289826939
15671112784
70140081544
65140693762
18431451180
70633342533
14347181084
18964563348
17544383107
17079804271
39302371057
68026006372
5301623154
51912166974
77131534326
68812469874
65180084900
76284747615
1953587810
48333929806
44791243901
15767140663
61300615439
14743917013
17172223667
2802533779
49036124652
4578203194
6464880761
69483149705
35662901783
48282864841
38380457983
2315888392
21431743328
66785318440
5632295576
62085069758
49322705982
60309278303
46538656273
28895307022
58227821521
38688881890
44096103385
35134155665
10169049077
74595091014
40478405196
7938656857
4767791238
3893536246
26653811665
58235979292
46332969351
56077505627
52686875162
17096171916
7492554625
41368344864
33971509424
22114117819
57475842620
32283045913
46903641080
35357041119
18999867993
55888279468
25903647212
12305024951
74027599853
17830488125
34187928469
18454636363
2296133091
57131031122
64666445321
33893109017
74615324608
18287017664
30689908586
47561950839
39631221291
75185515588
45092903564
22667517732
6320524350
51266231981
38236858616
18616186154
13568608092
19744084381
35755808942
20310527461
74949264472
25109145915
7524216331
19923581746
33598110565
55592019041
4608720886
42095535341
18760057694
47612157171
21623136076
13608667212
63631769929
25965281620
74455758892
43364663657
6936632902
20155603536
29154943507
43752196932
50618808799
45925938546
61201192860
74594227577
34147553431
76407601678
32810331172
33672286082
75525841885
1120022025
66277709321
4303973265
43616803671
8134623440
44658874447
52065040394
22603264893
37534329058
62588951573
20973640530
37591785681
50798734464
52319684952
59132941433
67998474073
8366256066
18655620180
12251998716
55940157494
31453569299
4424142022
34347557675
75875218648
60539046878
2507663382
43709894168
26787605435
49919336000
31275229142
15732279254
29005665817
12090345743
41379826199
60486252790
42441755345
56966728995
36610197062
63726902566
35893804891
72430380317
7478445939
71163990550
34953087075
16074793205
74905860567
27895786948
61782161469
76826106019
71719875196
45779658111
20656097382
6610340866
29319011569
59921900202
23134060512
3849285558
66855981162
70645180191
8490552241
1186367311
66849826177
50558486812
18206332988
39915920477
21489239373
15360869173
35138834564
46854325637
73932269284
38466024950
59958552751
15025617796
24967124489
13716057167
51486171818
1861804280
31014735792
47646574562
41488124802
59253509787
15205401845
59615141580
21510212317
40509663167
11760287177
15800715078
13111257581
36465421714
23150552096
74570473250
42461813464
12140236633
22428230209
37994419030
43708006672
16067106786
65792466783
30456540352
41357701327
4053570946
58143041047
49593401503
35484838504
29833915774
1927686525
24580326605
1905652039
43131597670
12512886007
37003954777
71978774493
58264605989
52124286922
34811232375
65066485380
76321381253
17810005083
32232060342
70082256656
61978643526
68092859465
64621787598
64256673037
61204706021
25537609224
71156860473
14054019996
62352406425
31999686710
67578934607
77299287715
3158128539
30602748345
15746258856
446861348
6962186090
21212847569
67515802541
19035679823
18815424063
51304331078
49548331451
75834913474
40261029391
35421842572
22552396514
32699604376
16211488872
27608348820
72288076040
4683090962
10567500259
5354091131
63679441847
1130491287
50183897049
15792459896
61101314543
14233141022
62028603200
59390924977
12534136370
5799082183
63029542661
410411244
49416562259
3951276902
29096116969
13838522700
63772486537
51958124026
26528185218
28559059726
40431215950
43493659731
66622840993
25440961721
12359728111
10406834161
71623680133
9295648970
14520972664
37129243477
50320886657
33947854048
67056086914
32334543569
6041306020
74013024035
31628439134
4012607138
47127499681
16416671630
13157298657
22573214929
46791007162
57083786164
74900177894
71223959570
4203740079
20297150744
64740309891
49449644895
23497801345
7636477084
33016329998
6857783462
26737260283
70515698139
40737128570
66108369901
67180253290
16488834118
7104219991
26865665366
46893518763
39410226457
33648779745
49183249325
64885512892
21351514835
36354535761
4160707832
58718988410
26582823514
38985055621
56441188773
21925497596
27632646129
23056430027
14868839630
48272205058
54541893479
11964680235
2849994152
73832382116
17563666569
60224389647
9756973119
69948418055
40457017389
36071704690
26822837597
53725898091
57273950992
65754901345
76362657717
4880401558
8191270915
35734747008
22508794914
1350195161
13744858125
45839967868
65420548810
23788953955
30049829897
57795072979
35869056754
60713309493
37906592723
67873334645
14248804083
29442010884
19482251183
70955076412
1007008032
54546638862
19848889323
64116574564
3818444737
63658261781
6063832124
56440558390
35736130855
64984814160
75775765094
9568031757
70636396875
24671356456
45157582318
27122699510
69436794927
52504095170
57200218031
60618600482
61056448209
22027529780
57551639269
53919300779
32433730238
33386280770
72649606912
63234980300
35421319716
29646603532
56725011747
46485073223
23782205415
38896834059
32953910487
67497147874
12784740894
41758978894
62445201732
10604126462
71151733345
76608169783
35038718686
19299926300
54576421633
58025651843
45110225847
61360347120
58021038939
70658966151
42095896899
20739541416
52787296682
60735403236
36876686932
48833336921
6055159595
3478051256
77146562041
57271270378
56338654148
69336543640
27423433220
68099858797
72055834725
54095937706
13150390840
17139004824
69727721055
35697950532
69994576060
70180863814
70060683654
15210782718
18416517153
14201340385
57956976961
58224512549
68716045306
16310731966
67659454972
61526864904
45937980806
2888443064
25984003024
9102054471
2937544798
14442602046
58769478341
52149352827
1619979087
71250086039
16519117153
65225364567
3807895592
70604722567
29563055748
14242264959
40402372619
69909904474
11905504269
59850442491
2856278529
33577218821
32341439208
75851408277
62671744078
3776496056
65948132084
30975249722
70632032406
45808687315
68486541187
15409124474
47445694344
36007192911
3629864118
19691020459
25592420251
53979248601
21565065658
12510194068
64599503911
8293825940
14748340989
51567870544
63939468120
51682484698
49754740678
63067211897
37906834210
5468363660
42377087820
59093947573
29086155239
12883301368
7465470403
61068486192
47710897429
61400807713
44936329285
36550357315
63245578342
35477220124
74529208124
9445127315
49342327739
48052461862
43916524075
1326072404
20971026737
27479415652
51970541900
1551291912
20755330965
721914430
26982250894
68513421740
7767812539
69251793820
53072287294
66453089164
61692568686
3215438213
1406581031
55017913000
45984210233
71323065086
50415108792
6421948182
3880369390
17959055109
10809124744
13370125764
73828237330
69781168779
70691697429
51982988402
50381800158
52460321270
62900599267
29380103221
15982314563
34871230406
61577458014
70156060626
22429002299
34418080804
57954566909
9682092659
59315863683
11467580334
19108490863
69852727516
3091473239
49398438666
14895194827
48903997760
62470820940
61791719327
55183666823
41588993304
76499270622
76973866052
71767830459
5022597419
41066413057
48361798189
63885758405
38996204164
32815495893
71933085376
12665034395
37781714942
3601101821
49046464874
38832060784
30291235253
13602354917
36656862298
70890425877
27540004902
74356265783
25347855476
10164135542
26353322325
18556820768
562759715
3789472183
70404029463
13260966464
10163269718
33552554598
40150280422
62556779124
35094915200
55161053253
48447920158
7454052776
35237773052
63264476679
11624952809
20353926520
69288076135
77048848496
11290110865
27065605827
38514665819
33217680242
22190400279
62443117554
55917262964
49097694973
14095633710
10661548014
41645214238
21268940339
75763690293
52325154750
41832257311
21918725464
9441416758
24663274738
63407719081
48818030996
30989588040
52433966184
2981007975
68458180218
5455718686
4083349078
6425176662
23013583295
15912864671
55546115982
18802603865
4419985602
6888473662
76316176811
37191950421
4684337951
38358364306
48327339473
60036617297
66040583661
76540508436
49402799664
21436721841
46019299369
7223288697
4494173332
56558918096
43615642185
45559127393
31124295927
60850332453
42951132459
12930339584
17552443271
54637482585
40761903008
56032511022
33936442400
8619759824
70952238267
51868509152
30385436548
1215136453
48522784712
20478842239
50761146877
17855411783
51775061497
73664905358
62761808900
41808375030
24663780715
51171117250
43085802618
23469390186
25777217493
10872098969
26107903189
53305675377
39823648747
4294906114
71961290885
44689014909
7378114716
63667600753
63967919657
62346558609
72272738532
50377077904
43169454709
31233947697
68666993045
24350617076
3272491194
30215313909
10713268585
10481565623
65280673950
61662691308
16483196204
28620436826
64997900357
42871714188
41611334804
23550875838
74550383159
19206899764
9432028726
43766598123
41137640765
1724444078
4976616445
56919944261
51377810942
72775810924
72104092445
51238721545
54733416817
29367039492
32775328923
4333754675
31539825955
71974312366
7370619948
38726066608
25228245375
44137253479
15738748174
63756501700
59715281086
55085739979
18962447168
50604943731
31027122981
74183595881
29833423637
62503121990
44857539648
29162224666
76600935970
55053353698
8976973927
25625251047
45364331354
30775667846
13635817736
61158712391
69043948530
7767118242
1977666415
39271903081
52652532732
29311053894
70433150589
50972867239
3240329463
60602397473
10768234111
27002318855
4861468971
13117301432
16867767924
19944519275
76675361107
51170930886
74251170819
19222983604
32338315131
15900874531
54217244103
30799169797
75128288417
40554707679
45461870370
45205248220
52055362900
71382847691
67039392579
46036697289
29494851498
32899383322
29165911562
56524045141
911301381
36369255763
26707250286
34351391857
2135166109
35759041128
24031465323
40532956835
26291362349
74714632579
73535438488
3784224857
71484979912
55939436000
21041436175
64229098156
40196502247
76940479930
71421427793
63302819610
50782789458
17549531802
45572729631
61533327122
61829853287
61348623580
12402370420
16485952067
54776322232
45022255735
4054132353
13607753834
37084657596
59853420455
55123464826
39869487855
67484849028
14121091746
20379040535
57797449442
2850152333
57584270411
4225125201
13099425336
48545876390
71112698516
6103320509
61343496489
48348559684
46127657782
47711842909
11620306641
2413306258
34331787046
51839253389
60593513634
74994433214
69527666993
510575231
33629602944
45882506463
62021738746
11041019823
44381283795
36323047805
4429514206
50014321598
3106543203
42588742602
10050225886
44919811016
76351592013
22517091009
4140205019
55255007251
44249546845
33752518181
36901360269
50016416689
73693188491
39511660291
3156596958
63202115399
76465003010
39323184982
44387453860
73098926238
71359803244
12829211167
17162926958
3758629177
41848611021
57042122820
69801523248
7521949444
2016418150
30668397613
53474931324
27332144434
22197162959
5422297394
57768585145
71451414453
39260790510
11277397754
45512979759
56716818779
67574326580
14648966070
24867435851
21994358771
68814942494
59029104119
33197053213
6621885517
6118841595
11069659303
29602183448
39849405934
71094782760
8081950774
66126102331
16611735426
43388591264
2108459320
77200099735
73908512098
31176893035
13867064476
29101424191
18425152212
9585570772
3573788777
20432056208
51174725535
43543156311
47771982660
47482404299
15774591071
53505857017
14173839277
75339091508
12463109933
3409322810
5225362431
38301565104
53969127865
16301104983
24657991149
45268935863
75558064720
1166839052
52346919025
52213639600
33381667330
15400284205
75859352004
12726321320
28122866441
54318721874
41470326400
515325743
64689372668
36272117603
29905787051
46226135791
69610442963
2293004287
36784174540
64350129570
25961736849
57567335817
34759882233
16610072755
46506897815
37040510261
16200947920
5427361751
43344657566
56473201044
15690879444
2075698230
54299071541
46210996561
66355382024
51704972253
4032887585
52945826338
30386617361
29442534793
5201439994
51187263740
75344581587
71103927539
38606775313
13420366959
31614286036
37581694985
47119961145
29324102109
55664049028
33654460898
57013985605
42524511601
46233342264
40193819435
46766368645
69382326377
47128175640
70736950437
65503021430
63008007986
34715811582
65434543275
48826677572
66778127360
39034006333
32436871041
38158390936
16269735457
26235680663
35164958175
5190988603
61395632064
64467290143
39720362551
69633586469
73526862140
46533843267
65542239903
2883913504
49109659449
59500707338
22876543841
5891134481
65465449867
45617159566
47736751304
36743367087
23311358566
53687309147
66578530204
11214845222
66484041355
43137692140
68061890815
63197610456
16416340621
11075675485
56908236106
51058369710
13667403921
76388022940
56700141589
57112033776
47677123030
18432397719
57527767760
5529378599
30485274774
14708443605
57181972358
6295626422
32156212534
19936254688
59563603301
71796679985
10601844723
14418502347
37514358530
39595329299
67681594358
69280607113
32822140099
68192252417
63626240270
42218561844
20718866933
11865692421
33031139290
63827887279
40635409971
71900296482
3035103084
73233244793
60527304547
65867929865
13505218420
45069423296
6052983595
12970392281
24657022235
67207302247
23111132325
62821594647
7860664173
47791203617
21536374248
18226080525
17858417718
29620036389
42568961194
42792238424
71249424811
15989574080
29628536009
12691696405
20130067088
48317032120
64900370878
8117846867
22298306146
68054879698
60236543607
8087968494
10163710572
20789440536
5866678260
1337256323
8613650607
11207863890
28260567727
6582940997
57395568120
74368653934
6919286126
56099259030
60222411677
31434130615
40797020547
874135344
46922976829
40315688989
49474847947
43758650553
52332446626
62914821512
21247058622
60891073816
74333181411
72057008135
21766521718
36710272066
65129067480
26963038435
57484393178
44445439741
24420647168
69157041546
24835141800
63777146737
75686336504
65272787287
7478464655
65488953829
57039792207
11980345303
15658275287
41932945181
67150591998
54180572350
68655826805
26602059585
60239997047
16973421083
13391679239
15748309179
15016632825
26842924678
30324562998
68565127417
39719718925
61596615674
29504969991
30370059901
15095371371
49526356058
42432897653
70642978123
60884929713
59910539054
66496156633
65932428602
17127198746
51273450136
56102800332
48330063523
50681557947
50420592799
55493236084
23500303439
16582498436
32515423667
26211276612
32083267194
16244672334
54347067660
59475523593
68845833220
43583141915
28197040133
54301997808
67285932844
37602329578
69859802030
62632197542
43561831884
15289153049
43840732619
7999588704
75691371644
44007620912
72729385073
65370909942
60231751452
19808114105
70412896868
34901850340
70475248292
14263019913
22009934979
54137999338
41246157111
58622027696
27729392483
50548892743
40455279455
53742150079
53112274531
29717803710
10958272535
55142898063
3268750350
56971411892
75745007487
3207404281
1345031291
28466368154
68816911872
1326639584
17074620994
35434667550
54084612561
32150037134
66580077406
70570265996
3667760531
13219617585
47413588602
20575587584
4262776880
26054976584
57001073645
2182377981
66042634925
14453864026
62774455723
47906841056
43921262822
56027473667
6293322425
55043928938
68147959070
70123285120
32707118183
26088242886
8845651114
62756402949
66955528552
51096238272
6220129229
43171034243
16701326080
33227905225
26808321249
27433529904
26103620663
74970902313
6389710133
21095774976
74900778258
74603204338
75829732207
10506283707
24981938201
46719940891
24578006535
20336776831
45249577256
42879486468
13348779653
7216408698
4645336252
12021524417
75073951122
58406706207
13038257839
59146733936
57410664914
31486777672
57218477248
29654402283
17297933201
33519944506
62250965226
30286911725
1963997793
62454490246
10217704462
64925566945
20293281457
21510002634
12970621798
12280295093
50929371209
14052137007
70912534922
35454603642
70081775647
23090763536
52859167206
35238993951
61060545285
41767605335
16300978487
25346399333
23135119654
12652626924
15334218048
1239275526
70431589822
76547201711
4852091838
54678950807
26087287253
18211262001
38310832827
5146726475
16203711151
54168301086
20289875605
21100126448
10425333046
37511299364
60827003430
17522051382
34324524554
71904802756
62270781729
38895773877
70187166947
27337279511
74399738817
39662687158
21900107535
77283767692
45250269915
9700330112
68876587819
59903513340
71234410410
64925955831
5860888031
18264299581
67507110004
35442213620
13061953276
76235016360
55706066866
41771752968
67459710838
26993656085
51272353128
28685999916
21568281752
58460462123
56544410188
3518298221
55545900288
72045840647
31716350946
32172091521
49583481741
28944452132
33874637560
47286443449
29898917424
16701587937
3644076637
7663031147
49190688728
77226998879
68854276297
71350328179
11713264967
55274856769
40608618369
47086856323
55769646180
19424758343
56011154869
26089570971
33926598615
12400472054
44946925208
68265023752
63674319966
71497364347
40053612105
23458690414
18851029312
50293801677
18477505331
40712563131
62741205307
17116516727
13283107971
3026669256
50188483654
31338482673
43484490127
28903098203
36852540958
43722766435
19675580365
45458750030
73573731146
36554070334
58181073886
66486236095
7375695502
42685638149
43080967526
27854540328
8774922924
29454430971
56299972908
50671418062
12103885210
24844987323
72937674622
72186382092
43393338761
2349070025
26646314913
65938414207
13566080952
71327277089
34035580534
40173653557
33288348175
56727317261
10889279141
34003099816
40735026899
60887793708
15345779670
2903936711
73266970670
22141437204
63652344255
25363537224
10873312406
46960969049
38349678691
46604594091
22681374106
2567554644
4483667125
4266970635
64653518002
57209287041
54742039008
58768082874
59654191791
7341501907
1087020336
16537576485
63409599231
47119026057
59016384436
72962391166
15962838223
57600590633
49000727953
8484118997
9593640150
54205333772
5354269708
12773208738
72596730268
39608702585
53778103943
34448392879
63833586339
62312726686
27488792319
52607525920
31629331282
26681394403
33453426388
42141896724
65434028158
16948222153
65967721826
46446347116
46984540234
12524960789
52485444360
67439577358
3040400038
13068136504
13289931757
24552704700
15539868963
24853112305
70022692034
29244894261
54490600689
64303901498
19609698832
47681297955
26114939518
71776129688
55887861276
58337008818
68769001537
4338879451
73138258280
57951809240
29516519712
76574108186
21941997372
18090572991
63865534961
57878391624
39260347041
19150368517
45336648923
4585136802
42137633798
12652721912
6988748126
15445617134
74660069271
54434261727
75074901713
68863370125
53894595205
1218421677
76956988932
35735888082
31727022334
32015834103
70984345434
45507052939
39314062842
30505625590
27391349444
44138671828
55138538505
19680013178
70612489247
63100869409
64538595245
61220632204
73094142195
68811248243
3849641027
35631947261
75104207285
40608925416
63509648771
52391930951
77058102181
16382967333
43256033754
5597049444
59122015626
14694568217
3509949666
25125863935
36696690285
37845667798
63173570354
3310128745
18922149069
51933642194
35295961089
44978949510
43870986855
25796304263
57203453173
8850791108
53498332226
32428790682
67255320925
22348834908
51869743542
46164336391
14516034965
56866379907
57935445920
58765851502
1347247345
72602604178
17530378143
35532544665
33321060846
69848699912
23678360985
56108943394
14842810736
13247488960
22935089956
6322247004
60934936768
56626977953
73054816752
58198355226
68836031136
37524539701
58325614389
74108763119
67188718888
43905705574
24571923149
20884794284
65241028247
73541124511
21144875962
38602200053
19408580588
39472173166
43596687886
72967761245
2858290085
32272332654
33077289044
18210654954
63975810362
12736603616
37272156097
64662400
23436175486
59112020037
53791610675
70989423171
46230049334
25266129114
39889713194
24054428667
54544799630
15758290455
27954378631
6525460075
73737967782
7741165635
73869949284
76918649444
20959666338
39598803325
14830862318
72633851425
32081188337
52263678449
53988566475
77215606848
75042177091
26431707728
34930504607
42020796255
20770962182
60508434691
32638033789
8984721535
21567973447
71608328196
38379698544
143120666
60087816327
18649195569
51837432368
42635302633
44412661834
32772626000
31756861920
19750640265
17686432884
12311913713
54196392836
45451608330
11387730465
44644414305
55576205792
59350642369
22930800542
56024980348
26703119694
71920748361
68964861893
10837545344
40366248772
13437355369
17372097554
14197924913
70571014133
16020979519
25495996196
70970355643
65186075141
2071884541
52085244447
30737592376
43425977816
1002441395
17904381590
69737689372
67999945152
38069492267
9302315269
40401763477
22281447906
31313383303
59598517786
42948293453
28332036229
45590606305
931034136
30047098297
31492168502
56938976082
37556317602
19137466772
26994917148
8781383679
17043967771
22974818016
36966400915
41377271916
52808587564
52967257779
76098105071
39085746694
54561233329
59480655980
53433286314
62280570779
72544957409
65701148595
23414871498
7036334572
77201963675
63628858460
75271747385
3846137680
3208275524
41087124083
58774361234
22232097199
30137373631
38291745849
60159811732
50834287733
30702244083
1598539261
51984091995
53087133581
18834427983
76448013674
29932147091
20538184103
14765391531
4909268766
73639416634
46645161632
39255061150
60848111504
26146173854
12227024639
60103509000
57807046184
63258434564
12309665557
11412626606
27706554115
32978398875
28393476914
53640842297
58316660450
70569157128
46875539007
46296138663
1303246774
76679220777
644320645
60413734036
39403078930
64097306461
31530445681
25054954016
18042490979
15643924559
7457515395
26660819615
76558341416
75708542876
68518099212
44234589311
62311553369
46083512406
54878725639
73676076082
18097305711
38407063319
37935444234
32839329202
37871996176
9810741611
68687240608
1182930699
10627064519
39327700849
10707506305
69455857874
16292641094
67256245725
70880046715
16399032255
30695789672
76059523412
2770300473
76065592253
62437868948
33491255994
45487860179
66931367141
31190817919
60620326365
55078301576
19170059398
20779145359
41947422614
53775173728
26436724245
51398195719
50810596120
19545926837
61036990800
52829499564
49851151141
5182230344
73022696711
64847013432
45291622894
73700491597
54220457760
20561940026
7774159401
16171843894
55357977841
45267465119
61956379728
49410213133
29945543647
57533936421
37237975607
51125116675
22136406331
20933251819
8963480919
50677675422
19685684724
73072846772
28398874474
6737930349
73992861272
49066459444
62309629207
55453373102
63375168641
62561287255
32153842008
76897251731
45998938363
20234232591
22331358510
12261820339
71698841852
25777029803
53141511880
25703331821
19754534558
16478583429
37133747528
39327489035
52589496520
33447461912
54631238868
73710248577
2203983616
21788366346
51019354271
70502667025
72937196963
42163771953
3273736684
44737578491
41907483607
47221870572
34443016505
30150049267
58081575583
66165209010
28699506123
36529166358
68596502121
27030347442
55893394145
44548139509
19761724591
72147564526
40781381556
293786643
73509001025
57781817358
35637988473
52764269586
39764376290
6342296020
49445739792
38243637528
60726055737
74222764347
3869659059
30866269753
10844783457
37828139070
46632120690
17684034747
40029111920
51455597464
26229970005
26797815159
20574367638
11794688491
13719151961
18013458176
14522376873
47226690507
59372209656
5576166010
68979203126
61761801949
70042975896
28294577251
52551007859
33238000180
58042569550
39609724562
19525490164
8839858646
30441586090
50884924752
1200642119
23552939157
45645526028
5268141475
65714330969
43794362099
16008432548
1905367500
13341041001
47524580636
20684631797
2428292060
8115922209
30934379096
65018163672
29069732881
18614811195
57981367775
15134163730
39781438105
47632006932
66161178797
41308464239
1547919638
50102443403
73146236502
55721301671
30447713531
62781838979
74156434717
18801297964
57062643826
56590246931
17904897731
60489686381
48596952854
69197972547
69004422029
35755072407
70097910668
12054813912
19356893046
53983188609
45779504675
63206641928
54588981296
18106054516
1565447332
54027745877
2005323421
13353992216
20048098077
77205929049
43433160706
20453674834
4262549364
16345881
17253701764
31054052387
66925266003
48697609529
10300453077
405980324
18743502945
68441596075
20050113910
70911323142
12359185578
2802156771
59781301262
4031106861
11179837585
56475641241
13081612885
69460367747
66381747140
51547140216
41277439438
54155949013
20492573284
50900821489
57862705943
42097727582
29871663086
52169218464
50733331380
39572637116
35409061868
72291351694
58159538898
39907328575
22496062406
61711947843
43096507815
73632786
63415624770
59468408863
1214977631
17879945001
61579656779
19441295620
17911683357
44096519604
65313866484
1261417342
29693173009
52635832081
7990227895
67308746333
32582773381
27668561083
19350176501
75581711388
74675092272
5318363072
8574618619
17503249659
39700391525
49413753638
60485018513
4024382152
37017989198
45237457662
45459631033
41594539918
60323264529
12865343750
3147882213
49192448408
64323595775
50549481701
5943185828
30390974824
5496919166
65397495951
3544012917
1151148474
54152433903
22747990162
4891680070
20240433278
77285935114
38707030611
47192808884
70563826327
51512231698
53997337707
46137477513
68969630382
64786252625
26333538728
2748918384
67002345044
48992709398
65714627452
5365266197
26462744704
37311209011
67612374396
56492043684
37450396778
37011827613
4725170118
45344744005
23959788315
38283314521
41007659942
58517955453
47555002030
22993717358
35600322005
59153378291
44171860475
67892039738
17409407640
23847072261
44309578663
31144978307
26721183161
18131040399
51658590515
20290840908
8786898679
73204364692
11190582245
13946945314
11579995166
55202469364
18646761780
68085477582
57506745981
36133895448
13900713446
37397169967
56780846042
51631444819
54791394366
29085273743
2155363468
64462657515
32105450240
20505989252
63953284700
62287754622
47240285824
71249552630
38694342861
50011299285
29612210136
17983952588
76813102457
47233501812
69595837570
56194059773
40317112434
48216422568
26927708378
22187673042
62774306438
12595981536
42924659783
57249740347
49978853441
55593021277
50138418321
41405874958
24862786432
59894710103
16512196697
16174434614
66739793665
14817555819
48054438185
26580333476
5632751954
15737649244
11164199513
3464701912
58871133491
64620937885
48295338792
56747137357
27834892860
43321930230
30548133278
6803403969
43180503207
14459723050
33287881498
56172127990
31766453353
4512329561
74054302866
36745259188
32058697360
3115651468
17627639937
74549612485
65629201418
8734529246
55118550861
51127908271
22868239346
62836018478
23405767312
26417615382
6295485913
13201832179
22215270315
55615923262
58107806426
45027209792
7024266923
15883260355
48406145307
36602282051
54305662036
53433127513
42471655961
49164684567
5493689917
69806582086
62793493842
42340499433
57510368288
25044137293
61911163583
62415468658
1438948558
43914837540
73226972834
22272150526
70666001034
13465813690
20079992054
74780207617
9807517871
23815788157
37806734021
63991196791
12637919834
33878933779
5637431144
23116971968
30746352051
73039149057
64724751241
75492955328
48116384796
21815409647
14364133733
27093940296
50087243090
49784998436
56660176026
10621270217
41502089428
26191701588
13378293673
2629670185
42722240290
1316766175
9108910579
32359161129
61645706288
26263347918
34831441122
40593923112
69214891016
62091830610
18925567970
62087921402
3901246962
49375807405
46956224209
1793995254
51008146928
75185497344
11147744251
69265321566
67350499746
68762501529
62007291859
55453966
19804263134
45698423039
10618827093
768499032
2979871962
18548788442
40224908919
25941899846
1062528190
39500583577
31261015194
37830363490
40805082279
46218325918
12397569627
73669126405
31534683144
8477040086
6148573532
20167839769
40740284186
23123427411
39142428146
4663716025
62204576411
662296106
32480950833
60191030853
11329213792
41069338841
47566377006
23998988308
26476407733
74518148872
51903118380
27096332388
23923199902
22869761298
22781508707
53062823422
44033732242
40650281248
7448041479
33616858135
9659584816
48773195103
76837904492
19375590651
69910610373
31869731636
18647728340
11363994719
61534051207
38468702332
13007965846
76623969299
17232483730
8163595614
23893204957
21209094045
74047650392
32592795807
37928674829
41486955797
10045562409
36536704601
22084998610
17412852902
67723528646
72179966768
12438444256
74871564919
5217045059
22160156204
61654140631
23734559280
55720756124
6863240928
40693077401
21201367992
35928278499
24797630071
7152902947
76681956751
11464585406
49096253254
40983016645
43148264770
8933581122
23128666828
67651383884
11330365200
29964290467
22257670451
62384475420
39065826257
71899243298
49104407420
3764931108
54435171913
53650255343
48537206550
49133806383
30101064463
66035699451
11842245090
63858602716
50056847374
17086387065
27565180371
33469423023
37994172712
21192924780
55911648108
54221612239
24913571083
64798239670
2222332217
20554319710
4393887633
21871006338
6083952801
25269650994
8549435555
37717197580
29817587008
2338680144
66167151697
33768114109
18107905529
16050019640
15407789000
76658874269
25687883214
20639651195
12530484876
68341351164
48368239350
51799931880
69195873601
70022920975
20437054196
68293180998
9479135197
55843521797
14312847064
50169530057
59637504647
67204462623
73449120590
2425425713
5619158408
57902972314
39581141306
42167362875
52914768454
16861187904
45062475024
55229175826
38632237327
13595657124
50795596184
4985420571
41670302289
37381293090
4835693559
25134537205
6535098095
59095903616
67373256516
55415036229
70538258842
17360056984
4550106096
37936489855
10751263199
29279553315
17055294968
39429547734
12428677594
26373644880
44121688026
72825280292
29537439638
63691564119
24869670477
1997769956
74552555460
52642204302
9886772147
59034458453
3889822122
31227281371
44225460769
10928005647
38825642699
42589271855
6159638976
50948455592
75605917117
60490668494
32969092937
5643639618
28718311346
45911994714
46870714657
59744720192
29379316562
10896904996
41005774386
39170631471
30733252600
5324122568
29566494885
17714722643
9712958215
14771688967
65446230836
1307319760
24438351705
7777539310
24490256539
62981819231
5766705602
16987129140
17653566139
19142924038
56345105657
50616693314
28251899682
35388729045
55010664156
30409196830
5492771322
18831835878
41973570553
72996989393
49634364999
59101015129
73980217570
16739676297
71376817659
8590894697
43436640764
21082650470
73552095722
71414554464
49724352181
23837315225
24142026400
69757425131
19962933131
29822158662
11501755443
37913736825
12701419245
33733184312
30030532747
6707699200
23278883449
66515787942
43863646123
62330040829
54263896511
31986514675
24068265020
69268170972
44542418615
23395905374
59699803786
26181209473
75071785315
19653169200
33678325026
42405406367
42550490815
58188558314
33057385693
29202514099
3920306337
24496103535
988822595
26864540138
6148494457
73448645023
71781517390
3443093211
70290504746
50418322002
53719311188
62867146176
24955222837
23129910184
17396273449
67213007855
10503964058
18983594283
20671309296
58974903326
7283994190
41477953518
69567473141
66898839305
7006948924
1869284984
62189108944
77079344237
60820794746
29605672807
63341937898
55151965599
72468331127
67231601503
14979511058
77227382947
71008751206
45376232872
20452504198
18810315213
26608205997
40750500114
68513973257
9375451497
10176477595
59554983661
45652242514
20856885200
76479798236
48713678041
75686481818
74003766999
13025754179
19882086967
40458352481
68142553194
59843814514
3716823861
58655605366
72167760577
3609552392
70412706121
55223955015
73176134779
990432757
72172305075
32919638615
60035101021
74041196315
73145607745
61224207823
51995222936
19537567287
17642510904
29299228302
31448145376
62741923838
63194341012
38024195556
64414593705
15483909689
859601588
56101071262
6191059793
14787297953
29008718471
29933429629
28989975587
28147980462
27381005142
65752673920
35555585404
45564992395
64749599550
61368329961
70507179475
66596135145
2198948658
35258016274
6924269501
47505849765
53706513394
41517220792
38484293745
32307924574
16098318615
7219848611
38239946917
50333390613
20255399795
48103289804
58819269627
9927919133
42619664906
43848324126
30478107387
73090676083
69627484489
20763217726
31696940054
27342694828
55432751005
53891077313
32709473128
35939097387
70444034244
36425940518
64988204576
4586971242
27107845415
14281324469
70133520092
41003516440
43087616639
34716088176
50228517580
62068588344
6968460069
5891719506
59289207085
3048308484
59741876236
34076452041
41055241320
51570659828
28035997195
55950599901
64266007288
50282771237
61916796458
2972937150
76018899258
66970194328
45098801892
25364612242
32566065975
21030751963
325320009
35536846149
49207077398
32219103819
26209721542
50025032486
44172335222
15056050552
28506079007
17995865430
20536156156
17911768593
58939597988
9073062076
10865339894
30172948817
69669691005
21155111495
6556542798
26167584537
75488341880
21602667699
55731959983
77045724243
51539581210
3511790025
1907516427
55463653395
43374629398
4113335086
38969156917
35547883565
69678859892
76295613768
66768313984
50161185613
66538089226
56972478671
67195293825
2696212791
63455481854
12360693969
28117136927
74873976024
75632089145
19531505621
51096596670
47486160483
24941799022
71978472649
5142890252
10010949904
33805385947
58574710033
25448772912
35696491699
72202225342
40129012441
62561601441
49296460783
38864135104
59973037355
35162774612
11075234889
26806839382
14232330508
76162734738
21615293113
75696705209
44593482057
55136423681
30445690492
73227434023
62878265967
12803655829
60461043748
71425310466
12571617064
76901032112
23667538609
20050443909
53348122433
34224066759
60039243583
44778170299
1998162080
11122248157
3861509813
58818643114
60299639761
9946705971
74389137355
48373075193
6337507929
49260697525
60181766740
65662685966
37701095718
8484477391
35579538905
27361211400
69843208755
8645288684
29697295921
35050209308
63299532737
2081286495
64692695031
76378481569
21024056941
10031533477
41967555125
14248954923
40034410857
31721761057
43046806549
51558210599
52624194607
24747398987
29961872015
55241943291
61705758487
40537681404
8397405784
15294981239
18626092145
12750611062
34962224022
54019710788
33515173878
36073727595
63691094893
28672983392
74441457686
69490404413
19586266160
50432681642
56505100615
546242802
72107368732
50920020026
32060063403
60001385658
53369125150
21826287546
70537757367
2006028034
42783656211
9007901910
75496604096
34392751788
22332047407
68588889033
28270211315
6312173214
31154037446
72713640329
59758306499
66778541378
27346302999
11293741458
7295073312
4403616219
2551335331
10589946439
13598227324
40415032127
74290676156
16194870910
54480356100
42903630916
26775919532
46008980843
64920702218
42211426545
72475579911
27352480861
3719339338
28508794063
48406468036
7945859162
53555633730
53883425328
55513624400
44044818215
51018092097
18991071961
75586565716
63780155846
7930981270
19575614506
66958977697
21192775330
19279503342
53458423616
30034199990
23749578271
39256797133
42262055135
49003536563
38189741719
73015169858
43305160320
21782880514
28902942507
54254559570
75556930651
49983295382
70352943652
25709099663
20646726529
55373769695
5306476971
73676084591
39886456217
21495364383
26362564343
13865422843
52527618785
55782149724
14015593676
20204142800
24674715064
21511995247
65904351069
16157265091
6931907728
75584626887
35975446286
66695688889
1388986381
40500562543
25427462409
71308471869
35568230081
43655279308
72764826931
47606494267
65747435991
13435248216
6588547851
75096181577
35145397765
5993573657
76550751066
20501315074
31355231708
26742079377
53342923008
16366477209
17623129260
73851707125
67415141723
72284977802
56146202159
42390996736
25589704104
45043793188
26119545012
26480962811
23740243686
1594550063
13982250374
4670159006
59211285059
31439080745
66773795416
30014240642
29378881212
45708113407
13556679233
77256793636
9919853746
10427288517
51546342840
70981746127
62874913599
9858707166
34863568538
41539294639
10613971316
21296110804
14067874909
21643025006
8815166349
34535160125
75438057594
42484321617
26141983617
70065428341
74042859405
1669291300
65742329497
48870434186
16066913631
3607366168
66490943700
16395772125
46183206407
14451120
44920576216
74882320042
62059478238
74156030879
64168937630
30690120144
41793315687
51312366553
30297785699
73541224029
28753222586
50384871309
33247158280
33211194324
36412693440
32421454892
73351116853
68549518335
30299106986
43571578383
76907420507
11363609050
68724386994
34851316526
69081560663
24292229564
8741410427
33369810499
66575680583
67090386684
25198482227
22852609015
48196908113
58709862424
62940991799
66107927732
15508407623
27145367922
29619921181
16799009367
31633882449
24963263507
19016668142
788855942
66654691915
28963071082
55537373689
17411285470
69172079747
24626616843
24678847680
9261180003
45773767418
9008862020
16895828625
62739225790
52039389483
59770841257
50122112772
4388352468
56346363996
65607141050
47306229043
63569875690
51045671295
36825139626
6606986043
59346360753
18624385938
38054605270
14609507091
48047312021
70850225088
61224195296
13572205823
64097009986
14073586606
43347296090
7909590531
68048872555
29676308299
49452990861
62500594952
75349244927
35056037097
53002644970
50866957456
8936785592
20680705169
38533820102
75536841288
24759478012
4741944899
58125664010
47630403221
20474489672
34387996895
6805225899
16107015768
9053496079
66675237252
76554008457
60640705733
4562024911
42593902857
181236780
72883985723
20050210425
12802770255
76804025999
26635877399
33439153651
45372190883
26991764733
51635718968
47193993629
39091675409
6063768546
66495392158
20738122349
72007557316
47918641209
30319196505
72243511505
41834443972
64800991498
56170380791
20108916494
31164021163
36819031067
46533264289
67597089533
68836367095
23355277349
8984176986
73443314246
56400684368
14936371670
48270318131
66173561656
40081288175
28756909323
40850585661
6606678226
8662241543
38122714297
64975486776
55408292846
28396767447
22942516373
72937470991
29683147667
31123745862
45340665448
23832744420
68385128714
1511457281
72712869609
20982262307
26387060874
39502391579
3302729594
62914649299
72189782656
37875597810
60139849892
73336474624
64947824591
42512058492
68841042049
46949959355
11014095530
69304139980
54813097020
56971942841
41219750144
19952367114
75890687011
67848637613
22832252206
51581358311
75882536782
6711736213
5884120988
23894684096
32673688028
64141377958
36982855076
47459321319
1121229338
51382889658
64790521136
65019789936
15799228570
44691551
22648136093
47185529286
22628428188
45074683335
47968013100
18614209559
55105223764
4458940257
14300377679
36839184051
5009262528
28318645418
8548910716
25004771672
59056574290
2049270931
8550353732
73990167908
61506316385
23359936012
56744656189
31056856435
24927811121
12629913161
29533314778
41853543645
42681148453
72649263908
54695889069
32174283488
19484109135
58331700249
14436760007
29055271911
74335311234
14358082484
67027564596
12591244684
33270406974
61842752284
70240878938
72883899272
63829444846
71075066996
14639916417
561859855
65404159481
14260906331
61142376033
72006503348
27489383066
15143052602
18237076360
13127151870
27058556213
34399429665
5066837299
35519096134
69907972387
72212351812
38344905580
7780814449
39247198073
33803092103
9187047517
35299060975
75824307241
32529656348
31514209400
15240502919
26922059189
63598911163
60811601215
36191789041
34530476815
77060828150
68980738824
2820791786
43921823592
13558675623
11866132245
15433962447
20497559740
24270597635
43473239966
46432963783
10178126979
37882989799
18052013738
72137955690
60704268351
72179517734
11123678108
31781128782
60263479573
72999727058
2843775610
14264605776
73695833817
58064268626
62587001056
32468793470
71663196602
64634081315
30039207197
76258419410
15799903196
6945720072
67225540031
60968061547
54667900115
42122276518
47507529014
61914388369
33808094765
36217939758
76324752786
39996220975
26813616583
704318140
18685341034
35513511724
4506165740
9809744383
55063007823
56133886755
44660358694
20343963716
43889848828
3207493862
12510723669
54797847042
48598488315
51595520327
5702252245
4494778635
25082374070
16198253458
4772721113
45873216866
75264567222
50889548526
1693443415
21363136318
72281217257
71517109253
51960490509
19504967172
17054338336
13932070236
38467247313
14763005633
50126389426
38865354633
49947428939
1395609195
10301972712
1147959193
33756801089
76257388014
23634249528
40921445850
30028598925
37538122337
20519992196
65874085162
20405023761
22135322704
23309814512
15948273170
52520878324
13565633416
16346048874
47422347856
7671466753
38703039272
72558511844
26607036423
40519099011
44028779518
37520943143
64978518041
20548686892
308149946
49532287172
38792787374
36794696969
73866191998
74900239838
58313096527
60786364942
55827745805
65206067284
68105246369
59381889671
6869725291
35183095532
36349124250
8944145996
38942471039
43936422078
62719568980
1050460261
5873711997
21200596254
51586188631
21332725377
1307706473
31579127232
7986933641
66487339205
2744990982
18628517019
35191787430
59465146436
56883571713
57234116212
48904326627
19269711845
53529511311
52483621817
22301388030
3797337780
7381201227
47337986775
38257817765
37618926938
37885407500
74626052437
62944854873
74710946388
70171487214
40010412862
4193032841
64425780382
70792610280
12728115017
9348418155
62867641962
46568894466
58852269040
45689091640
30283883761
2431228488
29734365397
22719235267
883359192
36666142497
34205659728
64944443841
34702974877
27721757793
42327870438
41536799927
69652734572
17201136235
4217235512
50823764482
32644210512
50671175547
6741758182
70304012009
7232024491
39930855897
25541995482
72489126810
30822233420
47001662687
29134017836
29634518605
4256592777
56338766202
30941596552
41905742464
47971431732
39619195404
43910743236
52582308572
66126832290
26406257412
76197406932
76561552612
2085614250
25095552849
71436309682
41019277567
52574336452
19881528909
73823672410
41446550379
21166550918
20880119931
3719547785
1244114241
26380060677
39205471025
54112337250
30722922984
44464382497
45080863046
75638766759
11679660898
63618175883
18949394999
9710129183
38985834937
9546266496
42653067540
43276452930
25370080698
57190901213
45332761994
13033357208
29282324722
10255561535
2073266577
18054999757
65705858593
54393390566
164321435
16861605129
43234979459
56160415931
31220651768
29403684059
46896593665
55298267484
75984801337
21002602117
32666722609
56822052133
32767644880
32960482569
22459704427
27705699527
21461545071
16848944088
44470382627
16289446093
74765138078
284160667
26601415915
7422534486
56114700145
52172701144
15069949684
676397641
21216958358
50169637838
7629716971
8480256660
23773382755
14959314484
44341935850
57269056987
20876843371
56060155528
19236052902
2490529499
10588685826
17600326769
3857429034
1564580942
50552116300
31451564146
23049293723
4684653832
5163091027
30236308457
21456420263
49927636222
41421543418
8758529378
27949131974
66413794652
67355985158
64844144632
3744463138
69230911566
53785651310
74353156820
67825353051
13061276344
60009542264
29278245952
50834409404
65912400370
49747346171
59228036728
2865249650
16884987038
52792999024
25180866754
11248879461
51044137954
19476806778
4298327617
55385161433
52565837975
75877460368
65780312720
583748376
29587078982
65257572066
65207911867
7916660388
55295280933
11313766405
58533097108
290841486
20998418474
21538047693
65988067788
5741664080
71017732792
39412872975
10313188990
54176416085
41847184786
16200852221
62375846339
12786560338
13750688757
58003396952
54013802381
72775183243
27941047508
50812574169
37920292820
49918030953
16822918101
26075583913
66975556349
46034906901
10000712923
52881614982
14280036027
10112266571
24549586059
57443423749
50564152278
13246912578
72766941881
7298275531
20770501120
47602506071
10212861316
73581557893
6616908467
9763091769
51758042140
2625993627
20826986171
25901242209
34829289414
39498650337
23208468466
68706756370
37772023650
4840469641
35221763471
76709653587
64701829002
50232539122
19154956446
24999829572
36574567837
47869304027
53175812177
39576546290
60593081458
74345465216
22722611311
56023301752
64987375580
28107899298
17944772510
35694792838
15134780951
77152242809
5516996402
36786800634
14084995611
60045098285
52545004987
28369350238
14036389511
62500773944
38769710664
7865879439
9528933193
35889239603
67753763784
28654555849
25836658117
53017514032
31708383460
13896101660
1422084570
12815440291
64317299690
65569380026
66923702910
62953387677
16878816972
29356288071
45858950193
27963274646
51479936503
25627828980
11815863083
66513546959
21852194904
33878157400
36232013853
76696654181
29804600200
23585597374
36945786942
59676488347
3005415138
3708340295
41124184036
32993935765
69640777265
63267346787
63244681484
33309169100
45490721638
77302371492
32966472949
19236287844
14762363653
61825660820
63843181845
23941198178
47002565660
54230011089
4879219416
31018578240
5640248156
36758694842
27296460636
36395076767
63046620942
6206689466
41111643262
34003857179
19376374996
24810017952
24508228013
45534239893
15245366112
46099213455
68683587857
36992668940
24686599783
36925140309
51942419405
65465661626
41792956439
58820080536
52108651035
1006621951
6908418090
33361474241
32099392108
67490624459
36242119622
53776862155
21726890222
48050849605
45505993788
26448556807
62229962979
43637574812
7608050575
66389319520
3631117325
60227100744
17730404188
73859082442
60377145866
42379312299
65681176687
8623303572
75831288189
666753093
49474514083
58025977546
12891909520
47121451690
45283946658
10687749763
14514714991
24807147669
30405142691
11237534871
54117159716
55868669926
74152917625
23275872155
24172671299
65585051419
61673713225
42625425576
12683988576
37827805620
25881850167
3146334538
16132333593
76105120160
27837969894
22896350436
31907536810
69878486643
52387974340
8857681253
72731751372
54747129301
690976515
47944446258
38139045502
62925296780
4044673036
55213378289
71181570513
48462782568
34993827177
34117155940
52890621224
52642856123
20702955531
6105662328
13315819239
51046036532
34554834615
52360145451
60325064042
26865636131
74431274477
31634702701
54641910026
20207299524
33032359362
52842501119
56688900304
33317818042
39398356435
44765821105
30028541178
20301168871
68754587573
63772749052
31007017464
31051998511
34163829348
66745878140
27075242899
34475159876
9084134331
73150197847
44260411828
33662445700
44375594671
72975563014
68379408399
53860121529
59632604589
44878756166
57102580139
45904141629
29055176040
34241682784
30571394155
8300499589
11562321521
41864785852
53243031846
31669252351
55953405157
60604245034
25495088550
47207886118
9609056376
14230697244
35656195704
33846370124
25700753056
13535147861
41664967992
6976588134
43023532350
48090427926
14567042924
14144091103
29949001692
71256030560
24519076865
73762711066
25276744551
54217099392
35556498594
13653328932
42395475325
26846909695
51582465790
23959963948
13038168999
61196271968
39885781006
47142716047
31299090247
43007411270
14392174733
9171961401
58885782346
28379952191
63229900086
54199309606
53329343536
38051008674
7227919101
28775670829
58768414107
25071919879
62652917776
18263759459
28094427725
7515110955
51986080984
33990672709
15865800449
58170902136
55151708073
61408541431
34997994388
51366918955
62155091948
3746735544
952768716
50667530558
53215023884
17644974927
63515339621
11586273261
43600562906
62981357291
26598737100
59818298679
75927907207
18912513048
58205111531
16762490048
54127613498
31696560129
19557863949
44651868773
56808581187
34570677250
41498543832
67366783434
10103700840
2220947761
24815709334
10485523769
74596897057
25898948776
3121714723
41873449621
38601465050
59515201842
19457599573
69452536101
17623159199
25601595763
43137051623
65527846571
43762505103
44622262334
22275825859
38283873213
8236031307
29848737350
52088871954
66037726529
17472253137
56976164506
71625464645
71792101403
38217122368
13958782357
43933359945
38435615682
68280569764
36633204051
5610293707
9582192777
57256153880
8834615800
62851515252
73559413557
40189104721
7894727811
71305450019
66842171489
32098359274
76841210505
20457601394
20768137124
61691446419
75680203168
31544879090
19469542720
20435106786
15289287240
10532297757
19148896579
10913318786
30322068770
65631490038
37777333940
8459024377
56127907586
74825607596
35912722018
9907297952
17742920443
38728962707
1232025087
3531160809
15605226700
37893054745
41576904579
37266283342
62818116940
50570886015
55392432487
60600534728
15045668009
58513164498
47145038861
64678709481
29240730338
59915303961
68431159477
73958030545
47639157259
42215609356
20652050433
51841709126
41339720144
28046883417
51158605890
60398330252
20646115502
31841648565
74551271011
49176047100
28899578092
30039077429
19652385426
67202306189
1723533220
61236120751
71589847099
4617100068
38392590019
17650975449
46322039693
13294931282
49041123468
46921046563
61119368060
45433418597
37454969777
24458831234
29996153415
34301808683
71520783650
38105152314
40889019706
62028244349
20815219379
29227914648
17227001951
73398102891
66796588952
17415798740
14403075070
67068351429
56883516761
3587223190
10672540695
59361935630
5612868847
69957928450
26054746884
75693285078
74476139745
27542991198
73136882360
55521433862
29148269011
33953197080
45523099292
33477586130
34607485430
67744448896
67737289732
10537933739
28422455571
887175123
4677507471
22837172887
70324285852
76980115919
21315034599
71857459232
25199626061
53296583018
38775263643
61125426252
9931639884
30092932490
1278760226
16747054603
38436234931
45641330733
61692539817
56613938914
42477682230
70466543471
37705316220
8634785254
40060244689
9536593373
24920666148
55545600248
60569629673
9858977556
63247199546
75395168572
28236096023
27358505789
46065144583
61578000582
38894415248
68417029173
16420916446
59335300059
40970944316
3731602097
8171774229
59567195776
15909539213
14404752632
46447930066
37786876851
72314655808
75876469657
58245838991
75828542714
68478139683
36764632017
22610354026
27214775986
52053107801
2163129172
51837036288
59545303417
12173711058
1028677123
6065460985
48615128614
25854861321
34107138726
76885240221
71285147077
76611642076
4564082845
6169788950
75001802425
22557810120
28677728881
28195151963
51526966888
13412930887
8231064362
32233000162
15624600003
36229439492
42755925585
14954795702
16185383645
24986772923
48585835806
1979429475
60423610503
33305790284
32455926883
70778024094
57119023043
77045804482
48844996455
3938019292
58973532643
62885763893
34738830563
13645364433
73086415958
44562519971
48138002526
4005134419
4259701159
40574823585
34157073425
8536779280
47956905672
33363546845
58708760105
23788401594
22537098023
22348832160
63651278024
18863801313
66064461429
51947706999
42140212369
33022078183
66549894622
47224267592
65034395246
56412101414
64063535170
12678822756
48229010621
69673175751
70511968268
51685285906
2615587037
65541098897
13664748053
13902768460
36674401053
18311841654
33611867956
67278664166
5642791214
58580603640
35370939145
7404240795
54350095738
22845280587
52504738009
21613645821
32933097096
10922303703
64306802598
29255857884
76582286039
5507087155
75136001582
18526281245
62490856845
19669147050
71871501784
71135754047
73936413188
62513762599
72886397065
63721463638
45761151434
13547668077
29959715680
26536887822
32619255805
1465578864
40509154576
13003734834
40542456238
15497527202
51813671253
21554603748
14811416987
57338073934
60141151097
12619736924
11302684698
20878182105
74861230159
51127678611
73999329552
49888775487
68461933260
22841234192
20598243489
13873193193
38918482225
65132230540
4434458894
52336671011
68969396282
67541425648
46740914721
49219334176
11494582411
55297966301
19335326218
65907132827
35727512552
54751818612
44124078354
15479076701
40148425464
51986396510
51659371049
70756045264
62174491792
53714237735
12488110596
66463787086
64413147574
14236466683
12310109268
6009173480
63118657792
45589276943
13949634687
10963599155
36891414228
51933084912
60690412220
24450212189
62725556453
60853038834
1625278836
56845627682
10618772297
69201000176
57672611809
10901131651
53599210939
9369983160
4169659658
33679561087
33566386373
40050400614
70339683006
18610522853
47902265648
15047533942
169910312
64173277158
41111606908
66320757766
67447564761
1125615523
12227778743
55838490871
6191420198
4324744415
48527865830
43414706713
40038259494
2989663796
56137237599
45557888778
54417133536
51499765887
61574904211
18347388128
9280936983
26781544204
1650656251
24200810905
66937465335
27616780045
74630872005
53118221288
11603067195
13081004429
159697096
10285039029
51866308739
16371796373
47983585633
35475453809
3118003648
41246353364
43839377792
20634863825
51922308010
12786846613
59545352535
23974133779
32695990668
19118180388
340006631
54716687895
8988039012
42936578065
29668283282
73898726903
41636493609
33577488734
74141442342
17383748969
5522166097
24746448503
8033397870
25775597269
44108724296
31677688905
64480754393
35596392376
475972743
7180033415
46703661873
35621576307
22819217028
34129748704
8974678380
21924278261
22474337646
44059363163
44253334889
46824024338
19712011855
34284329905
12444902745
76403111684
60204154519
39138534930
53210236884
4194823243
7585329450
4439107405
53728630252
19980155968
66501306942
45469006
35681934321
34355317604
20242747280
7605743939
22377856280
4748637823
67744152197
9725239240
70476828888
15194720274
65540054445
63931183882
60117827108
64503306014
17553864957
76307214299
71678207254
40128174075
18352348072
2226068126
41887475928
41352779427
28899086278
63596640890
68925751480
68539044315
39050707095
62831073800
22887184312
2145715496
36941983664
23904997733
19722385332
10223764120
70536856495
48528891721
43937048807
28712474883
32092864787
51961483021
50870159686
75209989364
8486455766
44497168648
21696546868
49889140482
603480189
5496436598
52192433967
41755711792
34991407594
10558854841
29808830618
72771963507
9808273539
23770688611
2295654309
47065375009
43765435812
49340515291
40664991350
42826788566
31903066592
52307250323
34894599229
43894708973
37280073840
55908861735
65801464467
55515414842
43879426498
17868656034
48445904847
14333889477
35622655417
75546374064
26804845556
74240868328
75861879916
4822219650
25549795880
38624562220
7615775016
37658605775
46613550905
54955239529
45253452853
76982057410
61520001375
32778383488
38451115992
57592825968
46928948563
17658033188
2387849503
33224156130
10705965909
12971876080
76302813578
73038602275
29898712484
55299734979
41903304158
70932983565
3937531934
33423939998
673497172
61800274485
10790394728
46308893434
60325201830
57397345595
5651875584
10998679932
23519327951
59383266301
17107581960
70241603175
8605454365
75045305119
3735209243
44624092828
67514965564
44356490069
65300339895
42523952871
58737644297
35908319726
13275375285
15449949775
76603222201
28664051917
10926021812
26038969008
27151138169
4084647983
57460430800
21958826589
71621064888
2736454136
8940615912
39476566533
17308307699
58813078603
29646207587
66362626212
71384040851
28225986580
7025148692
16167757857
55699088128
64051891595
17018263320
67653365416
35340424946
50088830924
65378183622
12526945556
70840429888
55566347532
8424336386
7909265282
1853548707
41939344344
15942858745
28103909628
7967321253
64832055421
7850040180
2238750562
56760281391
60805904550
8344296836
3649250389
36265804395
60805721497
14094128461
50866325466
6955160151
70179875732
61507073294
21675041102
70094870486
63631042304
31836551144
56312230263
6753969324
47086216935
46929410428
40286000759
10513679400
51571615716
36187468030
73791742463
64329744851
29685082786
46239315299
16820331786
74873815421
53927018713
34290130355
47421781657
26044596213
29536117863
30215784123
29833275817
28600062943
45357601480
72267750022
1673261072
17042445524
72577565609
62738762717
53361165681
36604224323
66261775407
71508087354
72468180419
47528151821
42198664616
18864863658
17108673984
70001530406
2628389524
15785390150
18628441894
41503730258
39445406350
42701855407
58414270280
46055183040
22383510694
24767708966
71645211159
2339848562
53776627345
14820465876
9179187375
237512296
75686044539
18144656501
20454748721
19263238132
20639304687
9280598431
8224947703
14105072294
55051827013
59825948036
8851007048
56517828120
910976097
26181385807
409690113
712750249
26126895859
63171542486
21794983674
44511074971
22796423630
21960206999
56026847426
73564155200
31114547367
4786640459
74522474039
77019080189
57395831666
54068039222
47636330104
9800649816
64279583881
41483969504
60383134607
7914068033
23008247239
44874810018
3888957344
54265410293
51661934984
13457269220
47519219866
63031330588
41301990935
30319979840
54248035376
71517029977
9417974000
55638367435
75397015290
54029389829
46835066056
8464819839
66453942096
46134554706
45533573448
46014963176
50501943346
72759689485
26447247837
41231501697
3362074929
18216017704
1824816684
35305441439
44363384495
29514576919
33427511090
1743626827
7381523379
30868578539
68084159108
74234820134
33144682425
35001835673
69833510553
56591692836
33214154535
69279667129
16631091708
53912557848
23988650583
24188095298
49860682238
63561015184
62969916980
13927646985
2810933026
19774659986
72491719023
32895343414
75338617740
56349500722
71435924964
66416468342
39568571828
17563114507
7274771846
54391277359
42998328637
47044145626
55966280781
41995470799
18676985743
9688228098
56795014342
74070321612
64721368925
60403326366
62973915727
10493666335
40870573776
63260033257
51089714444
28862591615
63130670199
71355839113
34173432899
56908059260
76850437833
38806624490
64470723387
60255731884
45445048366
33968024958
44753444715
39800433273
72863728844
34172339437
67221310452
4716067569
47131708221
4548942678
21830872093
66500062042
6190623829
16896384879
58052565703
16572586273
63706568452
70330223135
15086755161
60414608562
48070228004
58425494705
26798633577
48171598844
30783508521
71589583638
35531573691
60569026282
10207582333
59275132486
44671648860
19567084633
76166181175
22320118418
72950840269
5935261657
34878766486
44056688898
34736483078
63025700958
4074617040
52613813993
60087344213
6843323219
20821840211
13676372190
68474628466
60100119356
73811249727
19355694576
21628554734
13770086659
43339397856
15158918293
19946494191
76055153789
19130490961
76957334397
10843596158
73505633432
8174883223
43811491555
36647709674
24571206119
51359152393
19666861372
5907544502
76854653878
42949649040
18088527371
52188338366
35287366315
50176390814
37145444732
49790196522
60789353328
68254976824
8535762121
73674502733
23998712047
3048608545
16884435229
62441797749
30765341029
18366177453
60118920972
13638234789
41720945189
18039520394
31052157199
59129817048
23281083105
72736118263
17404211933
47117343668
59269656045
55238904353
36213817618
32929357346
68840937177
72521827903
34978762200
7399068758
12297288883
58638604961
71145676851
3934269951
20005186653
41499799905
66830847696
11311550937
44955942458
61661218933
64712614719
60744261034
76265861160
5184176344
46111444628
44397047288
72726971489
29901181843
6367178165
38516311256
12500247582
3921323417
67386038461
62713191636
53114116331
64448833887
3216542721
22510610505
19739039854
72482917478
50756554897
36820087769
936220502
54407184063
53702236916
7449197029
60000882755
44957544313
72035101940
21077706503
63017311142
31002508323
2599665822
567701524
53823438127
52098484287
26918097540
17917671393
73992252539
25063721190
76199474545
40938146809
405349947
4379610415
16536267424
38966910873
25174087925
34066880271
6246694890
41506467945
69255021678
18881494950
8289701064
50117896482
15452576581
19969540728
17435937374
965325802
59260676565
9089672041
39578496305
70971892135
11386609352
35802762605
25727063540
33109761191
4339312243
77283650898
70081550006
71981510901
6039940928
77171020919
39385858344
76138218854
3872504989
30986590138
55227363782
45150746417
6141094037
33674409949
40564707106
60229270730
3115670786
10022525291
45561528902
64984153979
76912352435
9401915253
60978341694
37594106552
13586586897
49178080027
8456920435
72641850191
35394680181
57844420803
61227098115
21389139943
68085930433
40055321566
62595446558
40128767642
11390633118
64980968160
27938822343
17505946119
37186275567
25374349185
11047893284
52312354896
53600830614
48645552326
44300451920
11608206964
57167505525
15284067139
25556800204
1543763188
8263763018
70264405349
56772195572
31202769073
14783754531
1365750478
25228231397
58337903235
55119330278
59611991949
62563214052
36538190449
67675678954
28768706762
40892265067
56374391428
75408502095
21870116617
75214635369
17036779568
43756283063
48356702837
6970036136
24881768641
3471065244
37089082407
17379780096
59561593065
52361504780
44121846008
71384526358
47010791175
49734408478
57635353208
57839620549
48991662782
76764836482
31438314959
10773092526
65652464691
59476666383
49538689742
29992299726
16391515363
5297275316
60389644631
26363956076
10090100487
47939738219
5459386161
62486884862
1696636398
8816665553
34590590064
24726120168
22438215076
54727668604
76447597990
50841403584
63052563870
21240581183
50307610726
72073034970
33702900141
53087331326
73597069349
75782936081
36423861979
75491976355
13161995860
69379815479
60311353852
39997504068
37115922994
76405411889
51828380128
7710228594
60791248846
36777402728
61811891887
72415794085
55331185253
7735218988
42841669158
38503035781
35653591449
33623539843
50903637657
73102800906
50221925764
55010543933
75393489605
30976077678
3965258530
13895391840
46931876612
40473591408
45327592679
68867394979
43220462827
57801195938
34018952816
16047266958
76369549311
50804136452
38964400673
42062707510
58576352090
68477051959
3143499926
75123838086
46552310886
32759349249
68352243220
44594850563
22079214302
11384148939
9418889376
41376086621
48309279226
42235563562
77179337001
35797511633
12159462844
25616466079
23241604835
76777231702
73286819950
720005321
22845954488
30698767714
48269003003
3871385332
15720184437
30954082063
44106066607
58550598678
1308327030
38886522929
4305843799
17169057632
62331501586
54725341049
48297863300
46852007392
42992315610
27093775640
34772090195
64106983519
19267698768
14981364363
7904509776
41620882277
4278084470
12991803717
56325986575
74353287142
21853136958
40872304720
65930574008
894567582
67512995866
48637818337
35807848729
64513864688
58029957196
72433229962
5137242455
45039918432
14519493238
62752785324
14858530174
55356754359
49742371244
11854282490
21165213084
45082441272
14211151919
44627700780
1513574237
68820442669
35359023148
39606448084
41447897281
50767264296
16602056239
75764042513
519297507
71729071120
34280107052
36652030878
41256020262
12003733997
2559890835
4627588128
75296490140
41945776531
45134728460
39173486761
19069697577
28555599676
76639910283
27681572380
14900693569
594393412
50785722075
41382362189
60344674255
74904486942
11627451194
65632366195
43307980176
29476609415
56541777980
30755863630
56010166155
18328724731
21641437540
8102688530
68469425655
45231056860
42872212865
31493903751
56945550515
29992456495
63073515281
21318825784
64151754892
12491874259
66941653065
6473361842
19520572070
63331783284
39012158233
19924880927
36269542466
44284038884
38357179832
25305331995
56179291296
18431058004
28190795553
54487078599
58774312599
32977398930
19205806954
42334550204
2244942832
41072092708
41624331993
51260832687
29621280536
54404886016
15172499594
13487731978
18302435141
14748110418
72588755948
56661185559
42572581839
52199595675
20369042759
2225644820
4311930512
4963308774
73839178153
46116466187
9534167136
41374325717
36161806984
10546084105
68314092752
27609618466
29361171699
76676623175
48624508640
36119858514
18105611721
20938098936
28359728292
61062642315
65939774566
73574625282
27487373397
16757909897
48074997375
2198538604
56924768693
76757753552
31984165748
23862402956
48545698568
63116130366
76678349790
21625301637
44136319614
24438909818
29660065911
19623671677
53082865846
37802222489
30632908840
62531606700
41331110588
40249404573
15252396628
65038370314
3155901109
22969959909
47942795474
305739940
52763745749
68695858304
75368649131
219978135
27383784628
35954272452
64878883535
55645254537
70375991720
11471823573
38564659667
9432610495
47612186985
17836998422
19097466817
73006098513
35136950969
62392947617
40516400075
36541611304
73086745540
56463985329
69800762532
19616481496
32263004764
75016581179
8054359913
52598779144
38523950223
50790603128
12916520818
51004250391
4951721776
36351696373
17114164139
72209694508
10113719009
67778335618
11070855608
44765583623
46180911872
37751847262
57227072315
47753064871
14330924150
4987021674
73592159573
72587949282
49573508641
8831428363
57602128850
16002543504
41648989551
74301104014
37056744743
39076496058
56762052572
8479140577
24841234362
67108440116
25189695327
46580220993
72449359011
1317950599
22780588802
52848512306
1110489819
25193770033
10491890614
33540988746
72468337099
62485069839
72419687804
668006600
45713377685
9053380710
17705992295
36602898576
66252454816
50423548752
60447997966
35429411984
40689396336
65622583587
65884376526
914324575
54584849118
11748127131
4841637386
9925290148
64996369553
69639188022
42035838391
38084069714
37179668194
11725309872
49197331333
51568024309
50603147222
76330743210
12360088458
25010335833
4299537159
50142880017
20119766542
4119628019
33805592849
33828136489
26226312253
11369739911
76336755840
12195233766
250099495
54126288592
51607124497
52787329851
13641033621
22494758185
14090394063
11378813240
9554169599
31858151067
25022456653
1266452952
43541077517
44706917551
17046163613
60170092349
30639881181
22016343008
1134900332
17850451299
57404224952
60584346589
58064200116
24338282790
61103222022
66808602648
60595953814
61612074256
1181072829
47318434313
40954247962
47964768399
64650182098
29804837029
60165291673
28896589041
76330812846
22285714235
21559316383
64601759281
53701257389
23535861381
72157918164
71579406349
59604643460
50155125990
52332899344
29511236800
20653340279
72843899198
5980986350
59939650544
56882680761
12857018228
75786748971
21294518796
47152661188
45612869825
39058006873
75294930546
73156991725
52332001830
53485328616
35720925489
17111643723
16874806190
55621423318
5412287405
61653227594
32913350290
34075608914
7140630672
11254719811
35619323902
51044340252
59725248766
29597548308
35411923041
45843251435
52499852619
13767765969
70683345028
7497338359
59881868070
59506817608
60720700927
45512479219
64337141243
77046648044
41080116978
2500003699
48720505761
9488729190
35391975902
41895436323
21000746136
64085155229
8925430929
51165709630
37449683456
9003200888
25619009738
53276357461
59422800161
33593423359
54393598439
11048497870
74183137701
27533651131
11485647423
35268117076
26336985972
7339702477
53112936549
53401302051
65225325125
57729653204
21474174482
13975208172
63645699166
40978561003
37707009263
21257412333
38931781715
55494912923
42184172765
11911758840
64992800115
13570736439
32230508638
30974752920
27996266923
38768005074
54334531668
45218301418
73241195847
56504497695
38323997534
41707025367
38398077177
29120984295
74023691615
69443232284
44361405377
21627441551
32391229495
42068029669
18927311295
47708145294
20568127050
48724409530
17690883111
22723272768
27779190983
30802028622
1399203931
76185851691
11461782467
68908753457
67465517852
67008556485
75766362461
48460365162
53832049580
42781236662
60038257792
56284864939
33718583924
39540449374
55168193434
61042198664
28748235195
45256385306
20627768635
15387210622
19265761854
48561839026
53971622422
58784737887
3336171149
34435070204
39629823747
36346766900
49705372892
50089938800
61796003690
15564236407
71955717974
18361189445
69007259730
67015332675
9384642787
73214834003
6552961199
41165202592
68558717036
14820490028
74577448498
66395411257
61929476896
37231952524
67807357062
75903963928
8600300688
245808020
47944519372
20862689059
30441449571
54696616729
31782373834
64555950420
75501845577
4466341416
76379305057
9689238417
54281887939
68368623065
68291183974
36461534843
25806733150
8509951004
42817522001
73974963236
30417657063
60671471629
29383432705
25775676025
75866769632
50311462496
34843728753
8084229876
71430621540
26344449127
20605223312
24621724215
18765625090
30207408481
24764139066
32879521982
3660888361
31499242837
863723701
36458148660
70000324855
27626564191
32807100448
45097653926
44531030314
13112115212
27909367876
62095497391
49189041483
56271886654
16571959992
3913029231
45672729083
2620930120
28395315969
52675143275
62169996158
67259833901
74501664269
17978938395
1825992113
21258855944
716210252
70296054810
73315549844
2594171905
43543549170
46490333216
69885066414
55829248669
53210681470
38704934891
72984221597
12932502971
39451783313
69454057281
49130027344
15499635
72760370443
73126598446
4796155705
56571910493
37569773168
51634593248
8325316632
21705030730
36414427954
75764033480
55196470758
11370896385
32638051686
69756053153
27363997725
35945627240
65763759158
8400658229
37585281008
17265288701
71489895826
46642735783
12200883390
35888104883
19165743724
29496871912
36541362355
47169155850
30822234250
20482628342
51426296584
17523917217
65457663039
75697549947
76859372100
55389111483
57073621367
28332523380
2586390560
55265250594
71862100113
2899870537
62712450464
37392084891
66851058481
36657397204
73321274804
6891766042
4772157004
21578005994
11951631358
30305981155
6753105452
25399510256
16120067552
24425034405
10753973592
44635024015
583423083
45380379445
55782318996
16563506938
48599499263
37590862184
42672455906
23748466664
36511258838
37886795025
8359413521
42687176071
21332416513
71284889651
17535805428
31353821371
29209784633
45476703342
63416028445
55841963563
10262318850
42208146258
52848411415
59307371846
23735789662
59709225090
37331750190
24328280771
17374667531
76309763653
25218342074
12465827931
36819957606
11555927714
42399483441
21143888732
1454546037
7809500192
21102571511
33015762628
39211874450
62564045321
57067834552
32146822330
76934934334
21352216030
6236231776
51645658798
41404858198
23132876433
74063153390
2430942912
43754863186
37556497140
52309717499
37506698261
40513893755
7336168151
2739898785
6205249962
11979535846
3198261226
65025846265
20338369969
314680549
8616433081
53905946954
73472230317
24512735725
51027735097
48166352202
54255248336
37328886506
774201907
12973578884
35178211425
58584523231
66648558063
75099093239
13136144068
9518458737
23298998685
75430846749
21725143700
7026851341
9540932830
44287229409
32996119418
32629278396
69470889478
7038995993
61546028628
44452476130
66999891016
71294438744
10918960926
38080355482
60741217337
20426521163
3110416842
32361382195
74255771747
40999059453
28369671753
29887126491
15335766390
75121858143
64273670388
38641617188
27974536004
21667770197
33211256673
23229392300
51997889511
11401105871
70538339824
34249245994
66923962603
36277946306
13150150586
62338779900
40283032124
16875696403
38112060857
32993312644
33220643897
44650864720
57808733416
23189949165
51850530652
18309444953
49903687135
65884108155
65890611889
24444617040
20282821082
35328924222
23251932346
53998571730
45142112689
62822224694
64361324800
15070766591
33302102028
45771407903
37501596543
41060453475
45025206571
2326113764
74958690892
61810600752
71439413082
710792185
37824703093
69558969135
49790682619
8925605405
8923803390
62183730690
54365429348
36667002286
65745407915
69924303802
7394765739
32228409371
53133568232
12635327579
35163190514
57486894840
51270609854
7516314153
7062834103
33439526316
14203647161
69741659472
5267902337
68440740361
35481622008
7135621123
23848100055
55848461456
6032556893
48373375507
48539622466
13195320720
21113505205
19994124879
51457960483
53781990419
1659269751
4624937077
51057810666
42388398025
52224963516
56284146304
40754064257
9517582674
66425416597
27602677731
2834395338
56591593305
15290110057
52407152855
10277072661
12816682990
14046962036
16102477081
21055388562
17417061456
35356554684
24888507800
31276182874
26246106670
64351129960
13368408247
40592791965
52586548983
223217003
5485590601
26178639048
52026642625
34474978713
76759295851
41463203601
61231543138
41594060550
266358979
33120212436
34047791724
48436296942
67835780407
25983484906
20065088180
67877744585
72543744488
55075689593
28554022040
62813290366
44141549104
21270652579
20273316078
10532444192
47364457468
62487030253
36670886311
29086400773
60715661328
49877898042
58326328345
29297020714
41088091731
74836225501
67016754008
37162020485
7554895185
3235536305
51456107787
65431203162
72401125086
64961520190
11349906610
61942122032
47452356952
42378099793
5758142213
61507493243
64876590344
20206641791
45599983602
276042755
58750977877
14222705883
27167565433
35836042657
73424913632
66302361191
33076083513
38974762145
36356914486
27954230213
56331973987
50055366103
13473593833
36280897645
34303935628
75956532499
49566903745
66382417337
63036109555
74099108903
27871063448
45124441580
67759502928
76418057859
50727786436
59957009815
26878625940
4180398805
41545294133
32034318463
70134349610
5374317146
25108333402
76616000561
74323270968
26082665460
72256311569
52929838181
56934567006
23420289580
6874015726
16293594140
34716406222
59211237868
37654101118
37403700796
39734242995
39444098053
39071361987
63505515214
69338014419
1715036732
72961359838
28033384732
14239780430
258765180
75210841298
71650003028
24583158468
73947085758
36832251235
25086879686
3372133077
35182294051
22967218579
32429433978
13021935739
15516788349
59240719614
59313482822
47763550921
41845005325
37952925608
73279294728
77047456085
32032679919
5133392274
74661971326
4794193594
18834418254
52523646541
2716293790
23327746490
53952037357
67473715190
32649143842
70706899145
17050706800
975268269
75444248604
10570676120
43871803484
25817867104
11108232335
69924515221
3065597942
43945699589
54482937458
12903029548
31736502851
60074374578
26511973654
14925322130
61479996156
3966997658
66215242129
10051290998
44075867941
14251203804
61416986818
2350485199
67003949576
6586352314
58976374819
7757570277
33041400186
12173878017
74364116747
24298020485
69910560717
20372500103
38813534042
70232302960
38430321440
41261780791
18270006946
40602137411
33054505846
20400844347
71179566779
77011183771
4250973527
12676912773
75747669658
15222312795
45246768937
36754812451
58683321495
2093118482
24832184748
57917481407
23850708030
13733351530
43409717659
36921672053
53070886413
7887003402
48146503269
22812774217
67620512777
75066545593
20637475568
12948605356
43711007115
26845221231
41337831920
47988341052
46666131932
8414526511
32892905365
22322411571
35559215094
50860487253
2268089864
28033171171
36930624610
49147161261
59194497310
44664963842
1517229466
55731445720
56629743582
5206403931
51646783720
62366641968
60307451768
25340984346
7198948597
12483812744
45271247214
10837370927
61956808609
3526016229
74235526487
55425114233
38459668248
65451668404
71943283499
25070443474
44965744814
12556005365
4151315482
77074045500
72744987954
9417958654
70975780553
28244384459
3276122420
48528080599
40603147314
57065762080
4704709666
54314534056
58844687567
7316006470
64402447051
62881431915
40209284089
66341206942
65854185597
34390666600
35717577178
19986324705
64223765484
52523578317
70544356774
5470863973
60347440448
26297788389
36755334033
68889331183
44102643200
65992769266
45676374670
58000765838
61232351796
57537711361
6369027009
58302951147
50866817623
57774615231
10272263485
77131428741
43193554746
2416063232
3107590422
25683801907
55510847298
51718329737
75092121419
49242595507
58692211922
56156051000
50847896460
72428684412
32125867422
17192863589
63424361983
41080362154
27876426170
65491646741
59856148176
20520642920
13040265191
68211877667
62858055976
56068753225
72889197842
64573731135
36693344986
7639971861
63542708144
66217343253
47004579972
63507648380
73341951858
27881564623
7279826292
52994622066
22470262058
17195511416
31716606779
51718082243
32574463723
21137686575
68724806477
58833406206
19723127546
34723795768
5370373555
38113657285
9318416717
7329359163
8738724674
8120991136
51585238637
17032310476
29863571085
75764499911
24874407156
39736263653
61980101777
57277941636
73305395025
29231046947
16422738653
31661001830
57965367864
15211234737
34106252494
44465705249
42278332265
22250656464
36748832871
3082207876
25507927982
18795351566
63137868397
60004813470
14820132326
34919079861
47156571238
59878225455
49321876111
34423418524
70868752566
19218090593
26710709861
36345117353
73821974099
71411263702
28706561039
16459907534
5238367358
6289141088
26089030489
73934881795
58767316933
44916480637
38962609409
50752371539
62702660016
43499732784
47077229786
21143550683
62806698489
369304083
59460437944
12894648700
69678888930
53088098023
57039144738
74268641148
25289928559
7708402997
67873395403
48146708659
1019390400
41739588512
55412011626
60579257519
20306620107
1423643684
11304619394
65699958695
8332995725
47420475076
67504336427
20511621057
68497751560
66570515653
4993249459
39487837781
47026891993
70898250510
49729016162
32458800209
28568236008
1541895870
21403615790
13704916011
5448979073
1686596304
53138455131
25622272034
55378689786
4168207511
38337826361
12779000581
61632981623
31068414800
33567131693
6447746487
2782878742
71795270435
76899627599
59475731309
3779948857
2374027518
73452329855
8552392768
64072122714
28722716728
66377640764
45386797377
73585000303
50890492503
69559000658
70991745026
24790640010
36639742837
49609790475
74338066415
9728632987
9942903014
18294613600
66862388447
38789541206
29647431884
24866131783
18757395175
30363651513
28584669386
62701143356
60331247786
62104722567
33735937900
10577657856
72652548986
71957291542
2122108235
29573413149
28952240302
9988212326
57449704380
71238568862
8996343911
16823862330
36791428644
71436654039
10823405354
27194532967
31963877239
14261717176
11765901618
2512785644
70036087953
7743095731
20665026988
21977353382
68375956599
1657734039
10508915675
59278127936
57093965718
41186153420
40199889299
54751279474
41993212746
45684578167
31412383333
8045033098
74740275348
190155824
72133881616
74353276770
34278849067
55309375010
75414497272
52750699738
69497264323
66286989976
73879691835
76596351591
19255482239
61319797759
8769733473
9034029417
73898072151
28708890627
57863463908
44502081290
33019136389
37264899908
55234883803
55763397393
62008228858
54080378072
18277108153
71113425532
64736609939
43422877501
13678704798
42597352526
2874517276
49886657213
2132970155
14139122582
76122010463
67465754917
15976384539
44909561833
22782396515
50529799930
71098333950
280819009
47238196008
57579364067
6505047861
21018070310
19167747020
41619256305
71781135618
1913491246
14526624307
16119761057
43600119515
63008219139
32461329578
50052923042
19873787018
59122787841
25234320833
74820648873
45850410340
60447237719
60636654233
72031573846
48367618022
11489748942
72318814070
2702099494
4419783998
12164245251
44522693354
24252256636
70254109992
53920297377
62109192868
9094242120
6576432407
8903417005
11988651103
