1728404513
420899707
1801542727
1400279418
1816869661
567209306
78945800
1835875777
588889032
889310574
1253260071
1273220281
1399190761
772607190
451973565
1917679203
784229619
544217376
1734697937
1296157798
1841793612
1705576440
949217896
650381673
992414313
1208658013
47754187
825263949
1136790769
775130826
1054808915
709697997
1673994870
1619789736
1748137233
1857793975
836351182
772837880
786689406
950494682
147665240
517537081
60456928
562791737
1127035981
1017211815
318497152
1723191965
10362523
1826678473
1324642020
268940103
1433256817
876638393
122091760
537720471
1739400681
175953567
744674129
505955943
400588301
0
0
0
0
0
0
0
0
0
0
0
0
0
0
