33521
21400
31927
37769
53359
46285
475
39568
57983
13409
17270
41291
20740
54769
56056
17357
12061
20706
12843
3229
29379
33884
24681
31880
7595
18320
35763
8694
47162
56626
55014
63664
47913
12737
12562
22514
15853
8011
62944
6844
10932
14108
52798
30828
42177
40857
12329
59835
57981
49844
47555
38107
49971
14343
63282
42467
64835
54107
55156
25011
33792
63311
48742
16414
38647
11898
47643
10222
55560
13836
14779
42482
34278
8537
55817
62712
30452
33685
3980
9303
50126
34840
64178
64061
47172
64907
29695
54174
43141
43168
37562
640
53691
40207
31602
1141
35095
27631
50993
42725
10699
56105
4300
27386
53442
31917
27141
7436
18719
32162
21357
51525
49079
18081
51533
63641
29644
59401
27655
45728
63734
47327
37470
57683
2508
12935
11338
22798
10941
65229
39330
34288
20297
21365
51207
18629
39311
3038
48799
37939
49839
18937
36922
5169
38129
55631
3232
37261
15253
22462
36847
61612
40128
63254
55986
9044
25505
37315
38582
64692
39056
18506
35143
48807
63915
11550
27297
54297
1996
8085
59344
44461
8466
58549
52034
537
3866
42691
7630
61032
20215
15322
4205
32705
60578
33198
40416
26800
48987
2096
50431
31591
36593
31637
60656
46234
4807
25510
16497
41361
23795
33165
30407
19175
13670
1398
52472
55333
45743
5758
19801
9713
52484
27688
1042
41567
51612
22729
46966
11524
53331
41769
45557
41118
10943
64138
46968
28834
59827
42379
60296
51922
26005
58262
4296
53534
19027
56647
63517
1969
140
11877
29200
45341
44647
36393
41300
47734
63452
61988
33773
20796
29211
30623
14067
4450
36432
41741
780
12165
16671
52795
52978
7561
20742
13852
43926
9350
11071
54391
26272
49048
44158
23701
49106
60012
54567
48407
14783
60178
34957
32403
61233
61742
23421
24398
17206
26765
61966
2428
122
22249
55250
50008
13995
12896
32350
24350
22182
6923
12050
59515
63102
49289
25213
11010
31908
47027
64729
12006
45666
53972
28568
38553
14631
40241
28889
31343
34277
23320
7972
29548
18370
27955
1062
20283
30837
22359
24316
42822
34910
55431
41886
9176
10560
12895
33161
63992
5392
41489
54966
37560
24645
23045
3729
8170
62662
32999
12546
40410
37753
7768
48135
21975
8021
32814
21096
25300
14018
57747
48098
51980
26086
35037
1099
7340
41778
46433
60602
12002
53724
57359
18505
23739
44653
25942
14575
52261
2303
11142
38436
48920
58061
37927
47841
29984
4064
52522
14596
46864
7647
49049
40011
47944
53549
4996
52457
59804
12380
4376
60016
35139
52240
248
43130
63842
54344
4604
47376
46936
24055
27481
28680
39146
17759
18405
37747
56618
58085
24760
59273
59441
60735
51822
61703
23550
795
48481
38622
43819
39777
57415
62364
14405
53353
17277
39070
52174
21021
64091
51324
27856
32609
38247
19405
49162
36380
64118
54845
37029
58038
15178
57815
213
33029
58828
27209
47742
39338
303
29811
41073
27495
23836
33464
23971
64886
24191
45749
25634
19810
50738
36316
53247
20015
28818
29220
15195
39886
14021
19833
36051
20377
31907
47608
63204
61036
55969
51628
17692
27214
54565
61962
41886
57207
18912
44698
47884
5373
33998
8965
47724
39913
6162
13053
50449
39786
23317
33407
7668
5824
190
56160
64846
61223
60265
29200
61348
61826
34229
9160
32938
42382
23683
63839
50646
12808
13259
18645
8001
50971
4017
7012
10558
15728
49411
55591
57483
29612
62520
55529
35314
24988
14072
12175
47937
41525
34892
27045
20129
33562
5243
64814
689
14462
19543
56056
2658
3576
64217
28618
64564
33221
43256
51724
51083
57817
53484
12181
18034
9519
62404
62051
42093
28125
26659
54914
20257
43665
59070
30268
63032
32558
33467
52933
11715
36262
32365
30225
42955
15765
28235
36824
41132
63305
18504
61700
61588
2603
9198
7724
13423
54151
62707
39973
51446
16554
32113
40213
19538
11668
31013
46865
3979
40828
38842
64058
34157
14658
30008
9386
60891
57881
26129
14349
23253
12534
59334
36028
60394
28468
5774
5622
4106
14707
11885
36663
11762
59337
36263
14669
40430
7448
2077
41638
47392
42459
59513
6050
1514
10471
24688
20577
52588
41380
48179
24138
50320
43830
10902
53344
55690
22777
43075
48861
26703
247
40661
22257
26282
65327
59923
11209
8567
17511
57460
18121
35544
54836
44908
22842
64484
11485
53971
26766
16192
6948
33171
2449
65307
2296
23231
29203
61683
41062
4644
59314
29579
37364
29214
62005
45195
35142
6052
57294
33244
14115
24621
52494
20612
39291
6304
1807
39539
22342
49313
53708
30434
58542
24646
20841
48632
19697
29048
55223
23027
52886
53318
58719
3856
53818
22330
28083
26615
32546
50897
49864
56441
7448
33715
431
50862
3733
45467
27608
22888
8954
14406
32922
47664
13566
51169
19495
1223
42088
42956
34455
62704
50211
41570
24054
36369
54757
32896
1061
6468
47679
23801
26135
49911
59658
34974
19068
19881
19235
2277
19750
16486
58643
15535
46741
19569
24343
20190
40883
64408
30876
29989
13007
9226
34886
51221
1433
63237
15318
23277
21578
24399
57231
39631
13128
41745
39724
52709
2285
5474
16924
2352
11359
20684
35497
1103
57814
51470
2316
46093
50587
26951
33812
44158
54022
4590
51646
20144
53124
17253
47170
48189
61654
28466
58966
28216
36279
48170
27181
5001
5279
1664
23556
57746
23243
58334
32665
10950
19879
42687
53814
55866
37851
2509
46376
19051
27939
21573
30627
54667
26818
11331
36486
21407
12169
52880
26240
57443
22967
44565
31035
25629
36839
14110
57955
28559
16556
48325
9369
51079
23787
36281
42846
51682
62174
8292
49639
44410
53419
64216
359
38845
15325
21411
52127
40572
52031
36542
36082
49517
42900
38074
31466
6840
2826
38953
54527
10311
29530
42566
22577
180
41128
47322
25976
47495
59098
13180
61555
42400
44626
43588
52032
58371
489
52475
48576
17476
38242
17843
59007
18531
23937
2339
57151
33561
51978
60932
14296
21805
50411
11009
58913
29577
27016
31195
12783
52438
7911
30109
63980
54920
25064
20178
32957
16177
40900
14950
8424
5090
14396
62236
25155
27630
2889
27793
45045
37153
57285
21165
36357
55662
20126
36957
28039
9578
51987
16970
56936
38290
46013
42338
43330
36611
23598
41765
11954
45744
38649
56764
571
61533
20739
56910
30565
60044
39734
5493
47138
34404
37026
34537
10579
11074
8773
6301
49969
65137
10937
23505
37136
42666
48865
21402
32250
42324
4449
53665
37309
22843
51968
45238
14909
12682
32137
46756
53553
55711
13025
61891
15783
14069
2199
24956
22348
6095
2505
34635
30610
52469
33348
47833
64789
41482
10304
24670
39908
11928
18673
59621
48044
32625
26471
24479
44617
54574
38358
12028
28400
34264
45474
29718
4145
50893
30021
11042
14231
60885
38242
60873
54877
4838
51564
37298
59163
31738
26904
18224
6108
33661
23247
59695
56566
27933
32259
20129
8519
22024
11408
40428
8633
15779
21943
60260
27580
23155
36854
65114
4566
62935
3907
24445
26578
36689
35333
49489
6
12635
61696
19096
16461
3252
64669
7781
49086
40823
64970
35465
22699
42174
28466
63923
22538
47125
12116
51234
52792
57450
51826
32389
28593
2279
23642
27542
2122
19698
38260
3703
39514
43063
62971
30752
24963
6569
41164
20621
8268
48013
22359
54667
19217
54337
42781
56771
23954
59573
5555
27399
10455
1775
25611
3804
20319
36844
14271
5464
7494
25707
61875
42331
48405
18830
22277
39003
225
15709
17451
21104
42073
60575
43493
13161
919
30331
5243
59084
58793
31236
65192
34077
4216
20756
48028
64368
19750
64183
43929
43769
27845
26534
24512
55625
9857
44686
25270
62950
53051
46824
16070
17391
13709
9680
243
14788
32099
46685
32076
9800
17041
36737
58354
23169
13205
29315
34854
14197
10178
16824
14962
41582
9707
27031
35033
63644
49600
36309
31756
2313
45357
34729
34863
42271
42745
6424
21621
53642
15681
27
41016
30791
17924
33084
41212
28881
24502
4461
57120
8050
26657
38180
61017
45246
58528
30202
30507
12306
31530
33135
35009
29956
1297
61053
26176
12047
58312
20501
29667
28849
45846
25507
54088
51348
22164
10727
58603
43346
27779
50725
40489
43063
32935
7481
6957
21186
16045
27118
12022
3128
58921
62963
51232
57868
47693
2122
4207
38145
43695
37187
19667
61046
3234
12787
52439
37579
22101
2143
32176
44223
16858
29196
45700
43734
18580
31302
38120
61464
27535
35273
64523
17125
15516
11369
42691
52953
3178
48638
59837
45000
30775
63647
16835
44438
8133
33987
33198
47744
24687
11324
34265
28305
24516
51699
22043
4537
41549
3025
63327
44274
19995
51031
36774
24355
58409
25550
63757
59059
24588
44923
27967
9415
62542
10757
20435
4745
39584
63821
19411
21883
56684
52739
42714
7539
8869
10658
41671
1245
31571
37932
22148
11020
13529
52461
61827
34783
62791
55413
17478
57389
31880
26928
19017
38420
60507
44819
51208
64571
41973
49501
46953
13624
23675
37269
58049
52961
18642
12712
13299
65166
22132
16586
46384
33698
3646
45525
42232
25598
24814
63732
36762
19206
8003
49991
14752
10567
33688
13853
5995
61627
58796
2271
40633
23993
1016
49921
15355
39103
21572
3755
51324
31541
43850
64073
20877
15495
370
3984
62568
62726
41072
7045
55656
17293
42033
32664
28160
28644
40318
36286
31827
1449
29809
57349
2569
5600
36239
21994
18287
9559
46174
43690
33260
24931
56898
32258
51143
47673
54775
47357
12803
25575
65494
1482
60532
23670
44117
35440
60109
24976
12945
47770
47813
31716
1203
26322
15923
52378
51197
42663
59434
49292
17066
39485
38937
29394
28050
64018
24272
5142
52943
47605
13533
47245
3941
9562
8332
45519
36512
28638
36373
65518
7678
20856
56679
32758
62922
2813
10255
46380
35593
28504
18933
9115
42287
2850
65126
45436
16310
64273
10323
36739
35722
39728
52447
39168
58320
32113
59382
57835
14625
12375
11231
13156
15604
30127
6363
43998
61499
19602
18397
22437
51004
7058
32095
18805
12222
32576
32062
14227
8281
35939
53289
183
56202
22314
46862
40873
10223
65001
60629
33946
51560
44698
8347
29714
1949
61654
30904
11543
49055
21360
51667
6961
36737
30747
41826
23568
6133
31219
24159
32942
35882
21351
30825
50974
19487
59323
57087
28418
48252
7221
22859
27244
49750
43434
23453
25577
49649
55799
62206
20465
4041
49455
9673
24067
24986
23244
65394
8671
51695
18913
9543
11957
32445
62736
799
35650
4575
21668
39399
18803
64120
44145
49322
10699
37490
49767
59561
20544
21109
50365
25338
14757
7728
31389
19053
40053
59101
16316
50920
37538
24857
21677
37359
64508
25594
616
27650
31385
2670
65492
35565
8715
39789
918
49668
22129
13140
27524
56761
65248
29548
20691
24748
31823
50934
20384
41118
6562
25839
21535
53649
30484
44273
35691
30989
65421
53659
37060
50592
30721
60408
23107
36885
3400
46596
19383
13682
57394
59935
58933
28688
62430
50449
10073
14983
12336
62239
40903
6879
62926
18122
719
38601
14387
33113
21353
2319
8892
3629
24472
61360
368
27002
45943
35068
27299
58609
43194
64955
44814
45305
65255
45380
9254
8049
6331
3272
15608
26231
55480
399
32902
44346
45310
26578
1376
4534
21690
42842
54219
39313
8193
17769
5175
25650
27793
18636
69
48999
61450
32521
22320
19448
58223
17767
6089
60828
31997
24076
3410
35537
19415
29246
54806
32737
16947
17220
10918
16455
43700
22164
62751
54514
43415
55478
46894
9461
64576
32037
9948
54416
36151
38700
38308
40266
54729
57957
48708
59840
44324
64451
37353
15383
61451
32982
31411
22280
30432
3525
13765
21905
37289
38451
5601
4159
50960
17310
21498
11280
51568
17129
45341
25852
11132
39293
11837
59396
11229
60010
23029
25830
6901
12611
18745
19658
2721
38681
11680
37439
50588
54912
61639
52375
47987
43327
53635
41027
14388
16298
65290
7970
9560
698
24488
10633
29546
29284
43129
59368
6519
64465
48035
47980
64769
4457
7551
2733
60151
48373
12642
31634
34119
3692
29996
40524
53295
41710
30801
28620
16853
32007
63428
20208
30443
40328
49527
63769
29036
55500
37754
34953
20054
47231
22051
18472
63950
1755
13636
4304
9828
40983
16659
56045
4517
52252
12666
60521
52168
55052
65264
5752
24107
33767
58332
64249
42107
24437
9013
40091
52101
22685
50516
8722
42073
25932
59579
22146
2989
25047
51564
60707
23458
33636
12011
28627
6562
22723
17733
7236
8222
49614
6327
5143
48036
33621
671
25900
10757
38938
6764
60302
17157
59139
4076
49219
5252
34512
17274
8547
7004
3752
40976
8772
49121
6248
15676
8854
48562
50625
23482
51656
43114
9205
47149
56346
27326
43102
58715
6004
1815
53803
10327
61224
22792
24194
3278
3054
39816
63825
27301
33008
64444
40819
31604
223
62041
37640
37024
50465
17085
16081
47777
24281
59546
22768
39597
4612
33763
24590
26592
30417
23410
17342
6778
32278
4165
27772
53597
17263
24054
52640
9325
23800
18388
60107
45688
64258
19184
60576
28059
28228
32868
25596
31378
48506
63699
64549
5435
3304
25553
42742
59590
7686
26770
14212
6239
40173
64859
53203
37147
19470
34506
42872
41403
30838
50263
26210
40703
22157
13666
56937
4734
7384
20945
55716
45440
13435
551
20366
18234
7458
41725
35693
28895
44294
41347
8074
17270
49021
21708
9225
17852
55157
60437
58394
14242
664
63904
37954
24817
9204
63483
1234
60035
57585
10022
3538
56566
57347
44302
14787
18149
41368
61914
39582
50507
10512
14698
13557
34625
49811
6816
31674
45272
31125
39098
9197
3899
34650
8271
26397
3787
4230
36598
40323
37889
1515
61348
35665
60606
12196
25134
61094
53410
30907
29777
12873
55045
53422
53783
65056
12418
46865
954
30969
26433
22232
64267
34811
20147
33841
59526
53601
22701
38536
47911
10853
20749
1020
448
44977
5306
61406
61949
34989
11020
22006
63730
51299
21863
24305
41469
4923
9928
52969
51442
38991
37061
6871
51313
31189
44669
1182
2937
21153
22672
62787
36627
62193
34444
15473
48570
15809
52731
13086
61049
1000
49753
21646
14778
57389
44915
25894
19195
3816
5945
12750
19676
42039
46186
43764
61094
59729
35242
47327
58336
48187
18553
57449
59593
17454
26218
22740
31181
7211
56735
23433
25370
21733
18973
39567
52508
11243
56638
46043
13035
5102
46502
5053
44014
6487
5741
52904
52882
63864
10145
41087
55343
16807
41148
15506
10371
45759
7763
19948
31234
11098
9296
3319
61663
27834
39873
29679
30381
50611
40363
41216
22441
43839
55943
11394
60478
35384
7671
6200
49679
28895
19556
24305
29295
57276
5209
61279
47181
32419
40518
42595
41634
29430
43513
21063
50100
52760
28804
35152
15031
43409
7622
21131
49011
27118
57276
21043
19372
25805
13130
56179
62495
18441
45058
12913
31778
18922
63808
29899
21229
53044
47024
39581
3109
51095
37166
57631
24413
1499
11692
10771
59805
53186
63132
48799
30186
8267
16157
59953
5564
26419
50984
59205
49191
41922
14734
48538
12484
20617
33208
33169
38455
39839
11004
54196
28860
40496
3693
21823
16918
15936
19516
16739
40873
42232
22431
35808
6330
7391
53272
62926
44456
23765
55846
54590
28255
11927
4040
31411
32534
27336
41994
1189
4895
51580
28893
35501
51369
25381
39500
33941
38120
56450
9302
64074
50875
61872
51086
36386
41216
16473
18276
46951
27049
9674
55479
60773
52312
53536
22396
64755
39360
12516
61788
52708
20637
28258
24097
57871
546
35733
17854
64251
11176
23821
39460
2950
40616
25326
23311
15876
8941
39501
39837
39836
12510
40036
40975
6226
61228
44297
18249
13372
22147
7256
8991
1835
22739
49036
48672
51453
7790
64453
28113
45160
56085
19273
5540
60485
34010
13647
56132
27186
58327
24798
16513
6331
36390
42057
30087
1659
14424
45926
50842
5701
17377
32483
6498
7572
55907
11961
33652
51960
33053
57068
56123
14770
2837
3358
43916
19779
48583
37530
49718
60283
12091
37044
43976
29034
34379
44881
41670
61901
31563
63218
37095
38996
41261
32958
43139
29733
30478
18255
4728
30384
55390
39624
57507
807
52082
43855
57482
3638
48416
47166
1477
23762
38948
2749
19927
32139
52473
26110
35371
9506
56727
28499
38970
19761
31562
25336
18505
7171
55091
59869
15265
22452
10999
36399
37127
29289
42952
59040
54427
63527
16944
45820
64187
666
24477
37300
63862
37842
32833
40658
35017
21191
52816
23954
59925
46812
39318
11135
43200
22326
9480
63761
22016
14
8082
41361
62726
17789
1607
26541
14559
17252
2102
43689
8223
6818
2958
27645
28718
985
37969
50122
1487
58454
44358
57333
54441
23969
26840
29572
65102
5464
50360
5063
19091
33047
37817
5919
54300
8690
61110
18671
53341
32639
48641
43546
40349
17773
65293
3305
43441
64139
50062
15126
49999
26732
56010
34210
30324
38431
25245
13608
40113
19141
13628
20998
14057
32134
32115
17654
16741
9307
22707
6329
19658
14551
56969
24436
52683
14729
31120
46195
10163
47137
9948
5151
59513
34298
64406
35900
9947
16283
49870
16540
41719
12202
55220
38722
47535
7095
52766
0
25746
24436
36716
48831
57036
23752
25992
31129
35209
65200
614
65497
55393
26737
59295
4082
54055
48343
8137
33614
57780
52106
36863
12635
9308
2397
7298
30567
28003
59808
23863
58360
55075
35730
43654
43982
60307
25881
35139
1648
42801
161
39646
39266
16074
63277
57985
46305
42193
61318
27166
6282
32564
16470
55651
53079
2048
58270
12414
5570
28407
59602
60300
43110
35575
56875
8097
47896
51326
34069
20588
37626
29959
5125
38341
20097
2044
63661
41504
7020
31383
47056
29133
30708
40614
5628
4874
42838
25266
53555
9941
15883
29493
49365
48149
64465
13836
35659
59260
43122
40277
24219
49129
39364
10976
57458
64916
33168
28944
35645
36697
34799
3683
40016
64758
57721
41225
23862
64459
54674
8692
20272
32745
22860
25084
20930
22019
23389
29557
21614
52299
42643
31974
57734
1033
3997
10818
3735
56877
64490
8753
47432
19184
9789
23218
227
55405
13517
40801
41480
46652
6070
59713
12515
63264
9066
29002
47199
49489
31162
50660
17559
51920
31181
26131
35631
34931
65513
55370
2377
36539
48414
62633
21572
26520
57683
3757
63534
10410
31595
6770
59016
41610
25264
20873
25715
55304
32109
44575
8483
57761
2071
16173
16385
27484
52454
42179
36307
43881
65042
30268
29265
36319
60275
36446
15741
17522
26789
30558
41905
21724
54832
10958
5112
49098
32557
4985
36358
41144
61610
45448
14196
3249
17616
47825
4334
48258
58516
23537
8196
14068
57376
6070
14711
30092
29682
3643
41553
45155
11715
60516
8475
23907
35084
13219
264
22537
13936
62913
56901
22260
22461
56000
29142
1509
55355
62426
26558
30352
39108
43050
25079
43956
38997
24850
11062
1677
51696
40883
9
29183
33882
38049
16793
63304
48090
62004
20112
56454
54475
63213
63140
24016
26821
23596
64052
34427
3105
20004
64914
22046
47239
2362
49791
4533
43875
47116
54815
50300
46677
32256
19865
62026
49066
63468
14736
35176
13449
30982
42168
1498
53407
45448
37661
28713
60894
7272
56431
30439
5927
24108
57292
16634
19645
45590
44039
49496
54712
7491
8220
55490
32123
16299
29799
60601
30201
6756
32500
34021
20033
28204
29296
58496
8968
15710
12169
42268
34746
45894
15408
28912
38895
48820
13076
47632
24691
62081
59097
18753
30665
36416
49751
59681
41989
39844
52148
45639
12520
58952
29570
44374
10960
49782
17996
50217
23214
40378
36939
26318
54047
29414
41478
8674
40103
64368
57311
58108
7942
23313
19913
21156
32135
42278
1195
48386
27122
58169
45997
51649
63636
50606
12514
43054
63965
19040
47980
13384
47328
43505
32399
14872
55629
11775
56863
23656
44481
42504
12309
22020
10604
51113
44804
55529
25508
45411
9589
28674
27075
27527
23071
32655
32148
3552
20452
48991
34612
4319
19770
44247
37563
12861
41103
42666
52519
48442
28239
1855
12734
62983
6170
59911
24508
31204
835
16076
7154
8959
13400
29292
26136
36976
9978
50779
61773
44702
25255
39720
33019
34816
18690
10568
42748
12992
39949
25803
47946
8422
18651
62247
26581
14771
6036
28720
8835
22775
5979
30038
35321
31967
54464
4629
20851
10407
3983
9269
4322
34861
8917
3385
36712
45168
12407
41053
30705
3882
28062
4993
60036
3972
22124
45313
37609
5131
53357
55409
54429
31302
30155
28852
11810
19458
9521
45501
49747
2207
24851
48703
19227
2068
21348
26099
11492
65361
46678
12262
30308
7917
36072
61448
42081
59795
9809
51232
56520
35991
57169
14659
42946
31629
5198
54612
24982
1479
63008
32823
53540
16501
21781
59915
16011
33393
11281
41921
57896
40211
28442
34254
46676
57976
15261
19649
61205
9487
42735
9827
62771
52165
46725
49374
9372
22814
37553
39153
18039
60775
27706
36673
28374
32852
13828
48603
8458
20546
43759
22307
35518
55975
18557
35667
40211
15016
54653
33641
28982
11418
15187
54941
47895
8718
38725
44591
12578
21020
9154
55968
63037
46812
62327
19904
42065
40440
48696
46487
60764
32760
22826
55386
2657
36517
60869
47910
33446
9482
18038
38712
5746
56290
51836
17748
50173
30922
27495
15087
31888
8541
57085
1716
25643
55664
6295
40370
17158
20012
16515
31518
35418
59242
33363
41619
8399
32511
54648
60298
46547
12487
56390
34158
15810
33265
52755
24027
588
25856
25532
46574
15375
12353
63305
46482
16060
7800
19951
64907
3890
47399
47225
40526
7416
49104
54046
50959
30974
51298
32671
59616
64452
63574
60743
55430
8788
49705
65130
20484
4095
60955
8749
36327
49986
33075
59969
11006
16171
2694
32093
26144
21027
60139
36454
9721
36602
46932
48994
1714
39055
21558
33100
59137
32784
1399
47271
56481
35464
12219
42848
29459
38353
19320
45985
25017
57598
19093
23640
37912
62274
56170
28618
13635
10851
21879
48586
42017
32162
62589
33321
32839
50599
8744
1131
8295
49038
64213
14656
60725
44388
53190
45618
58305
25596
14052
7888
40782
28426
54367
62814
26710
36955
48265
4686
15468
36971
57479
58301
28072
30596
14394
63825
194
21089
28401
46333
58722
14914
2621
32373
9927
10556
16647
33286
63166
23768
28762
25177
25783
1188
38537
4615
63474
9914
7018
49751
1522
8803
53210
11337
22662
35839
40373
16146
13310
6041
24254
59901
19717
28866
63498
5684
29744
41320
37299
60236
54252
5712
16121
3613
37764
50834
52731
35469
9408
6917
29859
50360
9914
20915
62667
62515
48974
9504
37641
13601
48861
60406
43280
56903
18569
59005
5808
62985
8470
59821
25785
51995
45896
505
7979
61861
56708
52639
43252
61497
39627
54092
60721
53109
37923
34535
58964
24022
45414
26253
58168
12253
20693
23304
53228
19066
16614
5975
42338
16958
22871
19748
3478
41241
54577
60679
35086
38332
1552
16538
63224
987
53112
58789
13624
7533
62386
42609
40001
44623
14972
38324
12371
61653
41205
47500
32871
44674
14742
39855
19048
537
43040
16577
12273
37661
29076
57778
19102
45968
29156
63281
11302
18397
5709
37493
46139
32387
6151
12529
37953
64347
36448
28225
27233
25905
36984
4634
40771
35103
28716
29120
60843
28685
2208
36824
44075
45140
17957
18183
16848
44397
59349
50600
2156
58115
54963
37107
16947
43172
55179
10667
16652
21317
37431
47545
54400
9282
49587
64206
25016
3909
41795
47561
53089
19643
42682
12623
18012
35
35375
52744
22485
20663
44690
11202
51166
47023
57600
12441
51805
49565
13394
13533
5856
48735
59502
30518
51913
11636
24381
54349
40006
22439
20428
29881
32390
56094
25939
17464
56123
33157
63383
7710
62070
64808
52386
4871
32559
8549
49302
26613
26739
37544
27287
22652
17354
29663
33936
38406
19613
29295
3718
44271
28133
18557
22428
23174
3848
2455
18119
28670
7525
25691
15959
63751
54382
2596
43824
34074
23825
30946
24939
46758
2273
60291
49640
50618
48992
35533
5511
44973
58400
29129
12013
3288
38147
18642
14899
37495
22568
48896
64402
16519
42954
26519
13817
61114
18450
1700
20374
17519
20677
6036
58507
7691
7656
29395
14572
28034
32950
949
42111
3697
34683
19455
17508
21029
57183
21721
11901
2781
8406
50592
5130
52572
57110
20961
24400
43320
16015
28990
46620
15316
51457
59359
1073
64713
55688
25127
44947
13796
48051
12953
12501
60678
29145
9289
1756
6042
21383
28156
2221
22806
29501
49722
47053
54832
17094
28613
57405
5478
8696
20662
59279
19001
34394
6220
15711
38129
10283
6429
517
63509
65085
3526
64105
41283
41488
52022
63184
40614
62105
47028
15874
52939
21028
8880
9540
37467
33141
14159
5134
23246
10999
14901
58507
40144
35603
56012
14917
48134
33484
6123
30613
39108
62884
22532
46465
10483
55889
34935
53316
30791
4272
38824
54809
15394
57750
39288
38723
45164
33904
12160
41418
15877
23641
4312
40233
27503
12455
56699
45949
64083
24475
65535
52601
56494
62978
38755
41979
3845
33988
37264
16570
21259
6755
58110
49516
30689
7451
7859
23922
63597
26596
37481
23969
12306
52195
30873
58433
5066
12246
65269
57956
15874
37779
310
877
17363
65452
55342
43225
46648
4724
5705
37238
55787
59209
60738
65266
42055
43976
61833
16017
39787
51532
5225
29667
11655
9001
22197
58346
11189
52161
37870
60715
39757
17219
22487
50214
2404
19653
8558
616
5374
38991
50761
3116
4909
42897
42993
17081
24172
18514
58629
50678
65174
50648
44170
35158
53879
10218
49985
57652
56505
17116
237
20169
57754
23643
3442
29682
20347
52436
15320
3353
41269
27696
52518
23220
51748
63032
33539
38865
17972
51918
61005
64626
19586
24311
1374
1194
31336
34079
50111
18663
6353
16748
22676
33151
64882
50922
53496
27638
34461
44222
32967
878
22594
51493
11974
52770
25464
40301
34677
9464
63278
40458
17545
4402
28235
12969
33149
5733
2371
19995
49217
23905
11430
60003
42105
57654
60444
23782
61873
61860
65240
32504
52962
10536
62928
36228
3594
59772
39144
51354
46843
56914
3346
46191
23251
52294
2787
9447
41794
15360
8192
24910
35771
4065
20551
57644
599
28202
62025
13165
26191
17446
45154
56404
11108
33628
14275
19098
42974
41516
35112
45385
63374
25293
41794
60560
21213
35215
28370
21320
57845
55623
15309
12938
34105
33703
58824
19971
41192
37664
64570
6430
38996
7978
10796
40314
48132
35163
60622
47853
27234
41748
57684
53114
14104
38261
15573
53493
26709
47214
62354
59171
45407
29525
15694
23567
62725
33492
64901
28442
49381
37822
64408
11996
50660
39685
8971
42188
12337
54415
51497
25119
36739
55701
34573
41109
45732
25071
43167
28265
12902
54994
54262
3328
8952
18890
36032
56406
27386
6184
12135
43681
60926
53883
19445
36823
58722
46234
42471
31757
47386
38452
45716
13040
45165
1543
8054
25885
20762
13992
20244
35789
32203
60132
52972
2860
59921
42333
22735
3249
21685
28893
32205
14089
23729
50651
8879
40299
61798
60649
6905
41960
59305
39256
54650
2092
58410
216
6768
48518
4169
58599
19561
17900
8057
58569
25275
15737
785
27667
21056
31492
40007
15493
54715
30392
40179
65224
41086
50517
38431
52264
27641
22844
19506
9281
60693
34534
46265
1033
62201
64448
2168
26991
19938
15953
26929
54673
26618
63911
60037
58108
27499
54179
16816
49236
43713
16657
49342
34370
65480
17092
10866
26137
47350
60642
22272
54304
54020
6074
41299
62056
8378
43323
12571
43758
508
25212
8560
51578
57786
52531
65171
37612
23119
42468
27851
28553
11243
48708
10061
48278
37662
22750
30011
24600
11791
28977
49134
38440
45604
64163
43260
65234
13405
43188
17861
41562
2173
65348
25310
59298
46058
58093
46871
12336
64633
4718
60314
8729
37022
16271
36575
52808
55928
10423
53679
15745
16583
21489
397
23333
13467
52989
46534
5295
3532
38978
50402
42944
17647
2314
44489
45806
1593
65345
7757
9293
33611
23034
13432
15265
33991
36553
51041
63537
64195
13588
50144
43420
41552
47441
20375
14954
28881
16200
10478
34319
12598
49359
24593
47524
58204
59637
23550
37232
38984
31357
41239
65282
8862
3885
61616
51094
27577
55045
21632
46968
51176
17824
41567
36144
63260
29229
37706
36355
40302
37701
62729
11054
36522
9587
20018
9654
30274
50497
7374
43841
38772
40217
19105
60345
38256
8913
28917
13683
32011
27999
41002
19943
49
39531
19698
57451
22776
1010
30550
7555
17103
2639
48210
22052
13987
3272
31356
45101
58613
21459
16476
39009
23459
59051
58658
14942
33664
44390
29471
50263
27433
6523
4492
17075
22052
52148
27327
2502
50428
46657
26912
44520
49382
24753
30192
56161
23027
42131
38978
14440
56515
28526
22008
34649
51648
19765
37173
48956
46635
42387
61801
9570
12211
52061
16159
10752
52541
37192
52292
24552
175
29964
8161
17277
26366
11494
30395
35724
40946
26583
51061
47400
49036
6969
21874
36581
14598
17526
1582
15548
43979
63597
9806
34571
47907
9285
50867
45508
49233
52320
49237
1190
36600
9050
43147
39715
60041
54629
21631
54428
7882
25812
60188
5121
20766
63503
39375
57576
48296
42465
3020
19649
24465
40660
22815
40490
29687
44892
12388
9093
30111
29427
50707
40236
1609
9127
30952
16098
36697
45183
37394
32207
39475
27272
27327
23065
61380
30178
45546
28463
44681
2728
63428
46134
59694
23678
16667
13098
18837
19862
56008
32828
17018
8048
43190
6019
22328
26434
7971
40685
59690
4018
59767
16350
51863
37234
11926
38455
9624
53106
59868
58356
9050
13912
21176
28505
30374
21267
6504
55550
54483
36659
42053
22503
45955
6203
13374
56683
2270
1205
38042
48833
40344
14961
59625
36189
33913
31242
62890
19370
57640
47374
3924
5213
61796
33370
1820
28789
40816
46989
9368
29694
12121
62951
29860
65220
47211
42369
2571
34238
45707
55514
38547
30226
64470
35637
46521
54531
63680
12252
61620
50428
7528
60407
62755
61847
35636
37911
42481
37985
14997
10078
61606
29097
58715
15830
42576
51650
7986
40518
9069
18628
61691
45797
44869
1476
44746
56032
5470
42780
18591
20643
59109
27497
59286
31257
45723
45972
9873
25488
12141
32696
50173
187
10161
16
51042
4724
30608
60144
61775
39472
52174
24473
54817
14167
23
26379
4323
14584
26565
62019
48812
8214
26217
55544
15865
56375
65417
7079
29620
59907
24824
56565
23249
53489
29822
36996
35374
24703
39908
24050
64683
50447
47520
40069
48696
64098
16762
19178
42881
60733
23123
11662
28661
64053
30385
56937
29119
27215
46040
41399
23461
30312
39173
1114
24224
6325
65235
22763
20450
9073
28455
26464
3285
62990
2234
1169
55596
13957
62629
40990
46272
58548
53850
57320
5537
46070
48549
59388
59544
38796
28261
54237
39152
15201
26517
64423
41686
54704
20453
4537
38398
17051
62889
52949
30046
25578
19343
44536
65340
47156
60972
56279
12604
22795
30690
57052
17203
20028
33609
38331
49571
40293
6078
5466
51130
24313
19057
41017
20655
27949
9973
42971
63151
22603
358
42604
10509
17451
24196
8055
54594
20896
35192
21683
49598
29117
12955
59845
2259
25864
24122
61406
24818
5862
20960
36378
27324
52316
56809
38266
12084
10143
20675
51106
5833
56753
52887
35830
10048
62096
49565
21995
53879
1704
18950
50832
23252
61795
16721
51416
9870
21033
2776
21086
7932
19909
30349
22682
24795
43048
12708
54741
21544
17248
18812
61848
46033
12849
35215
6761
31374
60392
43568
38677
17836
989
40631
43646
3127
28791
47252
46027
15308
15554
45230
23778
18485
51781
10572
24075
41484
21546
54472
63814
35819
53616
58018
50144
44085
43412
54346
10124
62086
41354
27446
22739
35057
16075
32348
5120
7063
61539
1726
19098
30101
16008
30967
59879
32915
65021
29115
64167
51984
44808
44938
31035
38941
44247
52918
5169
54235
22857
39199
36871
58222
45704
58867
21025
37909
5716
49424
1329
40422
9655
42090
49186
2574
47992
15728
24973
13536
711
51788
12321
47702
16948
25067
20858
23726
48968
46688
31608
14458
54858
10670
39027
49011
41299
51631
49108
62463
49887
39704
62932
43620
57154
38520
61745
64651
3495
41348
16492
26062
24764
50937
25200
43685
5202
26010
9258
3022
32083
35443
10478
21777
23335
51199
17854
65346
5610
3549
58860
4918
9037
680
56709
20134
19708
30714
9257
11266
60186
32290
63861
49791
40849
950
36554
11620
10898
36848
45169
29784
40049
32056
54704
20441
20955
58775
50888
40332
38568
62101
31277
11240
20407
65073
11025
6426
20060
23730
61469
48795
46089
48762
42018
59455
3683
58347
31895
33778
48178
23971
20668
478
40466
26042
23632
9972
44513
41901
28014
42818
10146
45785
37247
20019
8679
18305
59283
455
15296
43853
179
48945
20689
23568
39336
22055
43061
32668
60445
45265
24627
13613
8309
56121
30833
24306
200
64021
21411
52792
36532
65386
24684
52241
52172
43430
17805
50009
57000
1105
7443
41625
31886
26510
51396
63233
48457
13740
17395
10659
21522
13873
27842
23109
4575
27556
1878
53440
14093
22393
33638
9507
44643
32686
18624
39614
25790
26248
22398
33573
58895
29553
57082
61849
59637
19635
8175
51273
23651
3377
43029
51222
8762
10724
6598
17106
4128
30006
23628
17460
36177
39949
45072
8886
63465
12946
54739
32935
15117
56922
2103
10844
13287
10344
25749
11967
2296
58432
60754
33070
985
21466
345
50903
15136
52427
1945
33972
19896
62653
30568
2982
62626
47559
22170
45828
60272
4608
5247
62300
17551
51285
34309
45730
35916
28769
54897
48939
23767
63965
20387
51816
16300
31139
31046
38707
44962
62971
5814
56759
32495
249
13983
14828
62711
23716
34314
34551
50159
50613
62859
29688
34374
46546
34965
7843
49940
19831
62284
19135
32991
52113
41045
53145
48509
20162
3822
29446
33585
13039
17736
28170
2249
34641
47322
32379
34921
31684
24900
53488
64239
1451
59642
26194
17020
21795
64612
36576
7765
49605
56062
35964
18890
15365
47253
6090
5289
63402
25976
35291
22324
62691
52729
37264
15105
49765
22003
5761
31431
39296
1127
40659
24837
64535
47667
43022
56322
19264
42553
26692
57096
3938
6395
2905
33978
58204
13152
65533
13674
10085
56506
3756
52433
24788
25936
8220
15922
28128
18538
30988
41053
33426
49959
20940
9436
55543
34748
63165
15330
51463
58664
51966
20766
57398
44787
29300
64346
16530
5378
52120
28463
559
18586
23077
50381
32706
39630
52193
25804
48331
6473
516
51189
62963
32468
3819
40134
55960
46070
55604
44478
1366
21870
26911
44099
26796
65058
13855
50813
916
43014
23863
38144
43863
48858
54063
12011
18202
52856
40459
20802
39972
47971
58424
33091
22171
57689
63755
12189
43745
51255
19377
35879
47179
4488
28216
4049
59819
45320
42961
65256
43017
10495
13825
35578
65345
22871
49621
25716
56620
41935
45390
53016
16743
53325
60714
65239
1540
6529
55835
41869
9544
30607
7758
65526
52872
25422
54422
50667
7979
19411
2390
18955
65296
13987
51772
7893
43885
36308
15604
40997
29327
58782
50401
56321
1244
33334
51984
3557
64869
34019
12832
27656
29557
57097
16753
47170
14500
34369
11552
55472
50410
36924
46135
31162
5704
60871
5246
54603
52830
362
24747
13211
26156
14503
19435
23765
18915
23576
21003
60275
39207
48736
16563
21271
12915
3546
9253
47979
45211
34038
53531
26152
30984
45052
10378
17625
53786
40558
396
50642
33910
22382
8992
13428
54587
33748
33391
12997
9982
53440
27768
46864
2917
12239
49502
19129
38021
25858
43193
50734
61400
21261
63690
15350
38960
27486
52290
16402
52452
19157
63416
8377
60639
26170
6888
63383
46066
28483
6391
53157
53855
36491
24273
25375
40592
62888
38291
55918
48928
2941
47156
36464
63950
65257
58783
27476
36943
17564
13661
64562
11157
37625
39036
49381
16028
3337
28537
48240
2614
23020
5830
54939
21340
48935
42471
33102
44328
42040
51718
955
50876
1610
55181
19690
53769
43237
27463
2375
38937
40997
48322
53738
27482
12913
25422
30362
28617
575
9549
21971
64587
47083
4041
51837
18919
14782
4092
6612
24478
64512
37611
45404
53525
36667
78
53222
56525
48460
4423
4619
5412
60444
63199
52195
7522
63812
23726
47611
59562
52134
32400
28635
47439
46190
16214
883
37532
27393
15835
8229
42935
57168
5631
8792
13577
36869
28789
15792
893
19501
22664
14420
1391
3737
27323
45131
52949
47444
7406
907
60900
9420
6252
3135
58963
11623
42417
33316
26762
36031
34185
42085
32962
35419
57027
15911
2389
37052
33695
54227
47696
57471
223
33354
373
39415
3449
50872
57207
17831
35924
16138
53257
57758
26824
61778
53534
36343
62658
6141
8734
43364
37827
29555
24762
16541
8273
41252
2263
3267
64489
45447
59807
2429
37683
60550
36015
2156
29711
9299
13534
27261
60713
52008
43957
6962
61328
15609
44706
52186
61809
26564
36036
37970
16975
41763
55593
9662
21857
35043
17770
20458
55927
56833
1136
2073
41397
28852
57777
15685
49479
57548
44186
17580
22769
16391
13763
15144
29148
27613
7164
18675
35519
47992
33456
15445
53170
38072
21794
29580
56721
54683
50408
46403
43635
62078
34047
63780
31737
5666
47318
36695
33313
44250
40776
46838
8575
51016
25046
61926
45701
60305
28438
29466
8653
51320
61008
23438
870
62818
60900
17797
45682
52099
38703
1040
60418
6628
50745
16439
27795
49135
11063
58794
64073
21994
20893
37462
32441
16910
57368
46073
31539
39532
25690
5119
43586
57586
5355
3143
33679
28836
29392
17514
7876
49455
56556
33526
62659
27459
50409
29182
27369
10832
2472
20378
18184
11920
3685
2337
40864
49402
58440
56071
27488
47595
20714
20837
10918
25586
14651
61302
40893
37520
30946
298
51757
55051
54423
955
60818
42322
5646
28488
16599
43796
53014
9623
59861
45059
36115
63693
1323
11922
64939
53141
45089
49577
58755
7785
13365
53045
39014
3178
6863
24478
18624
1973
12047
19239
14453
16889
39899
22061
63684
22853
13580
48140
13014
31548
36614
22389
26599
12199
52072
8845
36046
16226
23720
12098
37685
29920
34977
21604
22997
47174
15672
45350
62035
7265
6833
31788
63296
58308
7242
54331
4009
29786
8274
29572
1756
48444
21666
6960
1148
14060
19036
10836
6888
28844
5960
43913
47537
58751
43197
33791
58729
15981
124
60395
26247
39040
47731
16689
14167
4381
2228
28754
5218
42882
35243
61597
47873
58511
21952
2111
47684
13297
60170
17290
57385
60624
35522
57480
19694
14293
46504
47219
49130
14774
2204
4694
11017
54487
50975
35030
45091
39240
26832
43839
42262
35936
43828
28524
27018
42587
7511
33914
63464
45859
506
42833
63421
20659
817
33167
36899
16167
41779
30767
17236
34967
47407
17418
49807
44272
348
57874
63363
53435
26300
14266
1897
53356
39168
33210
62180
31572
35212
46268
21521
4816
29307
46680
18901
59213
12737
33009
40899
26336
14395
3835
6121
62434
12350
31142
33674
9484
19110
59464
16501
62903
60731
25832
49689
63880
29708
11265
59752
56881
39083
20301
756
50713
56383
21161
31879
33628
7670
18440
29544
38717
46504
17472
52003
52994
5055
13780
33406
35170
61854
53166
10468
52103
31487
59956
45150
26825
64329
26989
65267
24763
38636
39205
6918
7414
56541
14892
29108
26577
36582
10321
59767
57325
15274
19547
64155
25749
36511
4355
61813
23984
11784
23200
41139
63552
21826
15292
54233
19126
47271
60674
24508
43982
41512
55742
62647
52105
40942
41283
36696
33162
63124
38341
54809
10947
39575
17466
17494
27770
24671
24157
47652
40943
20105
54982
35106
39122
49363
49252
39590
50384
49001
13099
54648
48501
19937
21042
51458
34299
44334
30289
26651
40592
41463
8792
54353
7157
10650
48824
26846
39920
40639
39804
53089
37259
44487
25123
11773
14448
25650
44167
38837
2398
52632
18489
5822
65443
14402
55145
49432
4743
22231
36216
17005
50180
11172
21267
64714
64817
11422
11788
61500
25602
11154
12971
63938
16116
20901
3549
8523
36299
4504
6312
16805
3720
30179
6522
22398
58683
33348
10879
8688
26848
25209
64307
52521
39109
31606
8859
21435
19451
46080
9412
62200
55628
41023
43279
5657
38355
42520
27864
4805
56368
28448
36565
30002
48286
43143
24857
61364
14874
45618
34808
44211
30740
20957
39772
45540
9860
36562
3100
31267
32167
65485
40538
46184
38258
154
25554
63174
13545
57148
49273
62691
25548
15781
23800
50049
5741
33463
29448
42995
16907
61489
7761
11501
5989
24653
16739
24275
32069
51039
7229
26956
22633
15746
21491
15812
14038
41340
23909
50112
24892
46531
51175
58905
40351
21975
3811
44701
46438
44144
40458
20733
55687
33999
437
24961
30290
18024
22391
13265
19522
9062
9800
7776
48749
11516
51057
47346
44422
50268
39937
30275
18596
32641
31850
43339
31322
37146
32670
50651
51884
49949
15760
37314
59872
55533
9444
21313
56234
12991
40700
34667
16802
21445
26611
21556
44239
18155
54344
44732
447
5903
2402
49560
59806
1673
33513
7901
24690
54471
33300
59037
24692
20699
6544
37317
5514
54130
32506
10879
28476
8410
61678
2021
50876
30220
50210
58924
14322
39906
62101
25619
12871
43606
41737
20816
12161
18170
42450
62323
41145
28288
52011
2566
26190
7704
6814
2635
61641
24984
60730
62243
23688
8600
63607
29594
47088
62683
135
7472
21958
10603
53837
46964
17543
50791
40541
29980
3776
35697
30394
58376
51775
2239
21812
39345
64710
24246
23427
22853
7072
6082
42062
58273
10542
30754
19557
20029
4955
65173
15879
27994
19406
61924
34784
7032
31929
37761
36354
23861
55444
64070
47144
20635
39347
63219
39180
17866
46027
64714
535
23960
28431
62641
28376
15319
2199
53717
22837
31713
24903
1310
41834
27983
37956
33208
62216
30194
20441
15154
17689
40610
15088
53143
10337
35181
48538
11459
20650
61139
51193
56854
2291
9552
28016
9795
31402
16113
43716
61067
9301
46353
36032
35310
55725
36206
59925
9696
25292
14489
57062
33593
3307
52569
5098
41892
22171
29812
26780
29900
59626
32820
42597
34693
59819
22601
5979
1422
35478
56433
3368
59557
35804
56528
13023
5687
14061
59572
58797
57408
41069
62394
64333
18279
37804
5898
28053
32679
8114
42342
38685
61398
61141
63208
2884
63828
40480
13936
54806
59460
29892
33166
32217
20018
39756
19329
2969
13253
51943
41895
12561
28863
58505
26270
39513
14087
31519
21940
3845
31508
49237
59965
52356
42888
62509
6810
18427
40503
48962
11481
6467
44449
35418
8461
22579
8784
13347
363
14
4011
24377
59283
57283
14814
50189
7350
52066
51753
9493
57502
57530
33083
41746
15729
45536
52404
21558
61945
14190
51244
8487
46852
60029
6578
42422
53266
58131
39798
39385
38634
24768
36278
35158
6073
28115
24
9533
15846
48228
38141
10074
31749
11671
40297
6477
46113
58311
3528
59889
59245
5311
34715
41867
41888
2997
52500
52609
58745
25977
554
51025
4309
22149
62528
21739
11272
51595
21658
54836
48838
11477
17384
59236
12994
52898
31766
152
22695
51966
32318
41631
61535
39529
51522
32324
4535
39759
51458
1512
60284
26275
54531
5506
7035
23559
48365
8402
55031
18436
19964
6695
29987
48590
64434
44496
57716
24105
26155
21584
34338
28615
26268
39865
1424
56246
39372
30285
54749
37079
58429
56616
30002
44779
15056
41769
49845
54814
28970
19294
28562
65270
24239
48163
48422
53314
6600
11061
31422
39081
47028
35831
34569
4315
36051
44162
49583
64524
42734
52394
40588
41285
10069
33555
60061
46658
43592
61004
13943
13349
57777
23232
28088
34317
29229
13941
9479
18944
8265
65224
57760
57340
25108
36399
37586
46084
20727
28057
13578
48129
57645
3907
57179
52798
50557
22199
6136
63552
17360
30510
32465
24939
39013
22381
14294
3177
9734
33622
27162
4962
59744
501
52828
54871
57125
40193
213
44192
32749
45193
47715
4250
991
84
49424
54135
40634
9641
31218
32498
44882
44415
58554
2842
38405
17490
10570
18366
53209
6401
18117
33504
26298
21435
27502
24279
4085
35575
34195
13692
4517
13583
14177
37517
22327
29756
62046
62733
61458
12716
60024
34332
4888
46992
57310
19372
26880
51520
38872
41410
14627
64961
15664
29411
34421
55613
20294
42640
20870
15475
35745
63853
53668
34832
59413
52223
10727
64966
5070
7443
63037
44347
52895
54730
31952
33256
59405
8677
28831
44543
15891
40675
25771
17399
15388
47070
61949
54339
58824
60109
13289
27017
48004
40950
41247
44104
44739
5917
31917
21609
26880
64537
13243
62004
11343
35326
10891
1017
15021
46957
38204
20682
34031
42468
25457
29190
61201
10583
20471
54976
13717
35515
43701
14412
9372
44285
11590
38546
36838
12587
35074
2967
12171
21137
36821
19687
49211
51780
63202
41847
54224
64344
5540
18425
19288
35180
19311
47983
29173
10420
22968
36689
19354
26002
46241
7270
48544
28583
6525
1179
65409
34881
32351
11123
46697
43590
5541
29716
10239
21042
7319
64638
24499
59216
2544
53385
12143
23313
61571
17319
23935
23397
8415
51504
43695
18498
54558
32314
1003
16704
48632
6018
41927
2633
24724
65248
47914
6324
48189
25702
29573
63325
24200
29636
44898
6931
15737
40504
46773
50020
37062
36514
18105
29428
43993
19217
23910
35097
6384
41900
40684
4792
40193
42994
21766
43506
19549
36668
42958
11366
11819
57617
53872
37272
3805
54108
5258
33375
63432
5964
49307
43149
16326
29483
44339
36758
61378
31934
18321
49588
31492
43580
11825
14092
53194
21017
53313
11856
51488
62288
26220
62572
53326
16145
26341
39841
35069
58582
12212
65122
48492
64336
25041
59785
55414
40244
64991
65357
47495
50163
42538
6824
16778
39413
4932
32781
55119
41947
40311
17047
51933
956
62531
30504
9589
24121
34213
32812
36688
30048
176
56279
54718
1145
4433
61909
9570
57359
14322
13972
1730
38081
4704
38212
44866
9204
21481
54285
7426
58294
63785
50795
27644
36895
48347
4360
7336
60341
12843
2674
48213
36977
7343
46624
56958
44133
21600
557
33249
65282
58098
65261
28654
46498
3955
33778
51064
43394
24950
15685
38122
13819
43165
19497
29520
44895
61769
15484
54630
26725
18253
35637
6832
54286
19973
1143
30434
32493
43148
22973
7311
1231
27463
30236
19765
21352
52294
193
31077
51268
38915
35683
44884
28903
41875
55426
47289
2039
47210
15297
19600
11636
36134
4278
43932
4707
38031
7493
26135
48181
28264
26627
43119
24222
11694
33056
35070
3275
44314
29262
29629
56425
38965
21548
15662
2998
37948
17209
43247
11419
65187
60438
47417
15520
52868
56613
54135
15630
58587
31024
65254
19646
55947
23437
31542
48390
9427
11800
63085
1903
52663
41861
21296
49922
62069
52978
33649
61192
12997
21590
27172
2532
44727
55118
35122
15313
24457
42817
10331
13048
2113
39784
2207
10088
19170
59672
26812
46912
13215
13452
4404
26935
45865
57416
53981
59816
765
22990
49463
12951
45711
5738
12262
26780
24335
22847
4504
54335
3119
7912
27274
58462
60439
11215
47543
38862
56951
42556
61962
35228
43912
18343
20715
34365
44337
50254
28995
806
23776
57912
4312
52292
50955
61843
23390
3238
14760
41590
42048
27542
50914
53244
35991
57056
16103
45352
13105
43868
36511
21427
33858
12293
23171
43713
30524
48035
65280
47386
57663
1934
29504
949
40413
24336
61365
21294
33449
57901
62394
13112
49042
5664
53532
33162
50487
15225
59328
40050
35197
9829
11908
57414
29339
1525
41732
38199
10800
34988
653
13840
59681
10482
37442
50094
31636
44628
42256
57784
22922
62700
45720
27157
64449
16099
57728
43030
35940
61891
23556
44156
54607
41425
46770
42634
12372
6617
4095
56775
35299
7929
48775
47666
43209
33223
45089
6141
18801
57897
8269
17409
55827
12663
53151
25612
38408
29528
29024
37198
31657
34541
45148
27756
28133
28296
62423
35553
4804
15979
14538
10459
16114
11351
27325
33771
262
28891
16899
45880
15823
33467
52667
32306
17989
31569
39056
10917
55989
4737
36508
21167
33333
14736
40913
30079
45993
21191
49447
21995
38370
11961
49629
31112
31304
62251
16554
27232
10409
35236
35348
58106
45896
13700
35721
30362
56902
51673
41685
56909
43776
25478
35307
41087
8483
57217
5731
16885
15119
34195
3764
36019
19425
36500
49266
20199
8688
50090
65152
40707
5736
5107
35737
63567
7238
62107
26163
21253
39913
38053
21743
32705
60721
11699
54220
12632
52027
19571
12566
14618
8843
6367
25935
42114
48793
54153
12786
32341
12039
6986
17414
10138
20693
7322
46432
1147
32791
39591
14139
19691
33277
47998
45092
25969
15262
30320
23169
8979
26092
65173
20023
53394
32850
5159
32053
9992
12993
21050
31973
15637
30306
60243
54404
47503
49157
23990
7709
64002
63099
25385
31576
4370
18013
39340
24303
37707
27206
1830
34250
63196
27418
44851
54132
36503
7005
61952
57328
43245
35628
42853
29329
4321
48127
32939
20833
62682
58729
4429
63106
37670
58674
50222
47380
45997
25416
55552
59633
38912
39156
15618
46481
60666
41277
12960
64870
47771
31441
54862
57036
23013
61663
51116
24963
47099
50386
17811
40271
61887
33914
22440
57848
61071
4971
21708
33673
48584
48087
30264
33236
29653
37834
51654
25802
26689
17621
38290
24148
63301
27752
37359
12705
29298
40136
53480
34570
3693
26609
1654
15873
57045
30716
14348
40469
54460
29043
49596
51522
24030
44488
37233
42856
4560
63605
31603
49347
18508
25399
19756
10631
29860
24940
47521
42448
62569
37925
9274
27955
51884
7763
12894
17441
44113
6098
50516
2244
15549
19745
40504
8999
37547
3909
385
12670
59085
392
15269
55731
43883
14645
41303
43051
47766
22104
30301
13878
27926
58794
11371
62866
65206
53314
18544
10401
16284
48139
33488
37796
14092
9114
49805
8423
53792
40250
64908
49014
32598
44081
49215
24038
65377
35463
58582
61986
48651
55390
3339
11614
29736
59755
31390
54217
40326
32381
663
32261
32210
6494
46577
64645
17602
33155
31375
48857
36455
9338
2799
27435
40228
40644
43592
16495
29698
24073
56417
36424
19633
46790
63933
36481
51718
6297
18381
4829
42476
14524
40292
3262
32812
52082
46517
34472
13507
48878
38102
28706
48683
1973
24777
23731
31277
49984
34499
2278
31660
28524
13010
12745
64703
1832
18175
7758
39521
33474
60970
34914
14952
49524
25939
50754
53859
36231
3964
1493
16221
38220
2658
6062
30831
44379
41581
24202
62957
23492
58879
15071
31718
1497
64075
11576
8768
39302
53415
25897
63812
62975
54385
56379
32347
30068
45817
58581
40670
51578
35171
59933
49222
58811
37772
28169
60961
50022
47363
34011
59420
37812
21696
29331
27714
34928
39625
41320
10069
33026
32466
1778
55417
46576
58927
40671
42368
60366
7790
7466
40745
30287
51007
43963
15940
22135
46197
10467
44947
4189
37268
27037
61276
13347
24589
63420
51736
21066
15897
28541
20363
60892
46546
20998
57465
2728
28226
9241
57396
44941
47384
62808
43649
148
40774
48621
38676
40945
56042
31919
53129
14914
7221
20695
9305
33334
33980
33423
24370
35420
58919
1727
37790
8691
50545
65243
56733
1993
28909
62017
60103
57267
23315
27789
21113
27037
2639
26367
7212
6714
23786
19259
30556
58218
33672
14815
61591
43825
25258
3998
49736
27949
19958
50254
1194
8363
37657
7048
47608
28878
18353
64054
53049
29742
44191
41040
42389
11204
63368
13734
6753
56894
11413
34563
11993
23316
63099
19448
4362
36921
28341
21468
62852
65397
53886
3100
24073
231
21197
41594
51455
5007
46044
19351
11205
31765
39810
43015
20952
40624
15710
42305
432
57716
9198
4215
7225
50283
554
65019
59562
22595
17408
20444
45053
5942
19058
29269
22735
39992
61045
15180
43139
52154
39316
2300
34672
49191
30720
37993
26628
46013
29602
31945
43335
43506
46769
9813
12356
14412
3361
60320
43664
15854
12055
33489
23519
9412
24459
32502
50088
14711
22498
57512
13207
6216
55414
22864
16658
62142
33409
19531
13870
7908
56570
6490
17689
4343
41865
45749
15084
7484
18161
2487
15231
63317
26093
65412
63841
12327
57419
33683
43185
42211
38182
17360
34337
30840
14796
