6018
11443
1783
5671
8834
10309
5484
1100
5724
8911
1162
7732
9046
6946
2799
2263
1772
10282
3659
11
11090
243
10417
387
758
539
2663
606
7033
8442
6369
12204
3
1168
6056
1420
10069
5541
10705
800
52
9858
8227
2701
6587
5098
7046
12121
12237
3199
10805
205
2777
8
8158
10561
9600
7676
3018
1559
5638
12250
5349
10808
6234
1131
6509
4609
1451
6485
10385
8259
11292
1850
7455
275
2460
5526
882
2539
7551
1843
6213
4108
3487
1687
10609
185
633
4330
6352
10811
2920
3737
5127
6555
11905
3492
12273
3816
1980
11694
2935
8899
11072
968
8118
1867
3733
4813
1893
12131
690
11386
7869
2869
11648
11065
2604
1262
912
4395
1243
4313
6366
6868
2598
4800
4672
7627
2182
4605
4991
9745
7531
7282
7184
10824
10703
4715
5509
2109
206
8734
9757
3831
1660
3275
8039
1685
1991
8025
1856
961
2101
6858
5661
8915
10800
2829
1813
1634
8029
10573
2643
581
2517
1834
3143
2160
6719
6873
7720
5180
5583
6056
1894
2434
9964
4787
1149
6891
682
7429
4205
10124
4071
9469
1018
1658
7249
5382
2173
9677
10817
3271
5968
2139
7315
10471
8033
6194
4482
8495
12281
1885
9618
5975
5186
9736
4638
8583
4852
11887
829
8397
11694
2553
2684
7080
7796
8652
11393
3080
5452
5943
11499
4926
6271
706
7084
1125
590
959
3388
8260
7989
9721
4909
10434
10474
4801
8869
2616
3911
4602
8012
11735
2853
11733
3317
4351
6748
213
375
6530
